/*--------------------------------*- C++ -*----------------------------------*\
  =========                 |
  \\      /  F ield         | OpenFOAM: The Open Source CFD Toolbox
   \\    /   O peration     | Website:  https://openfoam.org
    \\  /    A nd           | Version:  dev
     \\/     M anipulation  |
\*---------------------------------------------------------------------------*/
FoamFile
{
    version     2.0;
    format      binary;
    class       cellSet;
    location    "constant/polyMesh/sets";
    object      botiliacasx1;
}
// * * * * * * * * * * * * * * * * * * * * * * * * * * * * * * * * * * * * * //


4965
(
196608 
196610 
196611 
196612 
196613 
196614 
196616 
98312 
81928 
196617 
81930 
196619 
196621 
81933 
196623 
65551 
196624 
81936 
196625 
196626 
81938 
81939 
196628 
65556 
196629 
196630 
196631 
65559 
196632 
24 
25 
196635 
196636 
65564 
196637 
196638 
98334 
65566 
65567 
196640 
81952 
196641 
196642 
196643 
196646 
196647 
196648 
196649 
81963 
196652 
196654 
81966 
196655 
98351 
65584 
196657 
81969 
196658 
196659 
196660 
81972 
196664 
81978 
196667 
98363 
81981 
65597 
65599 
65601 
65604 
65606 
65608 
98377 
74 
81995 
75 
65619 
65621 
82007 
196696 
82009 
196699 
65627 
82012 
65628 
196701 
65629 
82014 
196703 
196704 
82016 
65632 
196705 
82017 
196707 
196709 
196712 
196713 
98409 
196716 
196717 
82031 
65649 
196722 
196723 
98420 
196729 
196731 
82043 
65659 
196732 
82046 
82047 
65663 
82049 
65667 
82052 
65668 
196741 
98437 
65669 
82055 
196744 
65672 
65683 
82068 
65684 
98454 
65687 
65689 
65693 
65694 
82081 
82083 
98469 
82086 
82088 
65705 
82090 
82092 
174 
175 
176 
177 
178 
65716 
65719 
98488 
65721 
65723 
65725 
65726 
82113 
65733 
65735 
65739 
98508 
65741 
82126 
65742 
65746 
65747 
65749 
65751 
82138 
65754 
98527 
82146 
65768 
98537 
65771 
65773 
82158 
65776 
65780 
65781 
65783 
65784 
98553 
65788 
82174 
65791 
65792 
65798 
82184 
82186 
65802 
98571 
82187 
65806 
82191 
82193 
82197 
65813 
65816 
98586 
65818 
82208 
65824 
65825 
65826 
294 
98600 
82222 
65839 
82224 
82226 
82230 
98615 
82231 
82233 
65849 
65851 
65853 
65855 
65857 
65859 
82245 
65871 
82256 
82257 
98644 
82260 
82263 
82268 
65884 
65886 
82271 
65887 
98656 
65888 
65893 
65896 
98670 
82286 
65909 
98681 
82299 
82302 
65919 
82306 
82308 
82309 
65926 
82311 
65927 
98696 
65929 
82318 
98707 
65939 
65947 
98716 
65948 
65949 
82334 
65951 
82337 
65955 
82342 
82344 
65960 
98731 
49582 
65968 
98743 
65982 
49598 
65983 
65985 
65987 
82372 
98757 
65989 
65990 
246219 
246220 
246221 
246222 
246223 
49615 
246224 
246225 
246226 
246227 
82387 
246228 
246229 
66005 
246230 
246231 
246232 
246233 
98777 
246234 
246235 
246236 
246237 
246238 
246239 
49631 
246241 
66017 
246242 
82403 
66019 
246246 
66022 
246248 
66024 
246249 
98793 
246250 
246251 
66027 
246252 
246253 
66029 
49647 
82418 
98806 
66045 
82431 
98819 
66056 
66058 
66059 
66062 
82448 
98833 
66065 
66066 
66070 
82459 
66076 
98850 
66082 
82473 
66091 
66095 
98866 
66098 
66101 
246326 
66102 
98872 
82489 
246330 
66111 
66114 
98884 
66116 
82502 
246346 
246347 
246348 
246349 
246350 
66126 
246351 
246352 
246353 
98897 
246354 
246356 
246357 
82517 
246359 
246360 
246361 
246362 
246364 
246366 
66143 
66144 
98913 
246372 
246373 
246374 
82534 
246376 
66152 
246377 
246378 
246379 
246380 
98924 
66156 
246381 
246382 
66158 
246383 
246384 
246385 
66161 
246386 
82546 
246387 
66163 
246388 
246389 
66165 
246390 
246391 
66167 
246392 
66168 
246393 
98937 
246394 
246395 
246396 
246397 
246398 
246399 
246400 
246401 
66177 
246402 
246403 
246404 
246405 
98949 
82565 
246406 
246407 
246408 
66184 
246409 
246410 
246411 
246412 
246413 
246414 
246415 
66191 
246416 
246417 
246418 
246420 
66196 
246421 
82581 
66198 
66200 
49817 
66203 
66204 
246430 
66206 
246431 
66207 
246432 
98978 
66210 
246439 
49832 
82601 
66220 
98991 
66230 
49847 
66233 
66235 
82620 
66238 
99008 
66241 
66242 
66243 
49860 
82636 
99023 
66255 
49873 
246490 
246491 
246492 
82652 
66268 
246493 
66269 
246494 
66270 
246496 
66277 
66278 
66282 
49898 
66283 
99054 
66293 
49911 
82683 
99073 
66307 
66308 
66309 
49925 
66313 
66316 
780 
781 
782 
82703 
783 
784 
49937 
785 
99090 
66322 
66326 
82716 
49950 
798 
799 
99104 
66337 
801 
66341 
82726 
66349 
99118 
66352 
246578 
82738 
246580 
246581 
66361 
99132 
246590 
66366 
246591 
246592 
82752 
246593 
246595 
246596 
246597 
246598 
246599 
66378 
99147 
82772 
66390 
99161 
82782 
66405 
99175 
82795 
66419 
99188 
82808 
50041 
66433 
99202 
82821 
263048 
50056 
263049 
263050 
263051 
263052 
263053 
263054 
263055 
66447 
99217 
66450 
50068 
66459 
66460 
66461 
66463 
50079 
99232 
66465 
66474 
99245 
66477 
50093 
66478 
263087 
66479 
263089 
263090 
263092 
66484 
263093 
263094 
263096 
99259 
66492 
263101 
263102 
66494 
50110 
66495 
263104 
263105 
66497 
263106 
263107 
263108 
66501 
263110 
66502 
263111 
66503 
263112 
99272 
66504 
263113 
263114 
66506 
263115 
82891 
263116 
66508 
50124 
263117 
66509 
263118 
263119 
263120 
263121 
263122 
263123 
66515 
263124 
263125 
263126 
66518 
263127 
99287 
263128 
66520 
263129 
66521 
985 
263130 
66522 
986 
263131 
66523 
50139 
987 
263132 
66524 
988 
989 
66526 
990 
991 
263136 
82912 
263137 
66529 
66530 
99300 
66532 
263142 
50151 
66537 
66540 
66541 
66542 
1006 
1007 
99312 
66545 
66547 
82932 
50166 
66551 
66553 
263163 
99325 
66557 
263166 
66558 
263167 
66559 
82946 
66564 
99338 
66571 
66572 
66573 
66576 
66578 
66579 
66581 
82972 
99357 
66591 
66592 
66594 
66596 
66598 
66601 
66602 
99371 
66606 
82997 
66617 
99387 
83005 
66628 
99403 
83019 
66637 
99418 
66650 
83040 
66669 
99439 
83058 
66685 
99460 
83077 
66703 
99472 
83093 
99489 
66723 
83111 
50349 
99508 
66740 
83128 
50364 
66757 
83142 
50379 
99536 
66776 
83161 
50394 
99551 
99556 
50405 
66794 
83182 
99569 
66807 
50423 
83195 
99586 
66821 
50438 
83210 
66833 
50450 
83223 
99611 
66845 
50464 
83239 
66859 
66863 
66865 
50481 
66867 
83253 
99638 
66870 
66873 
83268 
66886 
99656 
66888 
66891 
66894 
66895 
66897 
83283 
99671 
83295 
66911 
66912 
66915 
66916 
66918 
66922 
99697 
66934 
66938 
66940 
66943 
66945 
66948 
99729 
66966 
66969 
83356 
66972 
66973 
99743 
66977 
66979 
83364 
83375 
66995 
99764 
83384 
214458 
67008 
214466 
214469 
83397 
214472 
99784 
214474 
214475 
67020 
214477 
214482 
214486 
50646 
67031 
99800 
214489 
214492 
214496 
67044 
214501 
50661 
214502 
214503 
214506 
99820 
214516 
67060 
50677 
214522 
99834 
67071 
50693 
67083 
99855 
50708 
67094 
99868 
83484 
67108 
83496 
99888 
83506 
67122 
67123 
83509 
67126 
99896 
83516 
67134 
67136 
67137 
1602 
99907 
1603 
83524 
1604 
67141 
1605 
1606 
1607 
1608 
214602 
1610 
214603 
67147 
1611 
214604 
67148 
1612 
214605 
67149 
1613 
214606 
67150 
214607 
83535 
214608 
67152 
214609 
99921 
67153 
214610 
67154 
214611 
214612 
214613 
214614 
67161 
83547 
67163 
67164 
67165 
214622 
67166 
214623 
67167 
67168 
214627 
214628 
99940 
214630 
214631 
67175 
214632 
83560 
214633 
67177 
214634 
67178 
67179 
67180 
214637 
67181 
214638 
67182 
214640 
214641 
67186 
214643 
99955 
83572 
67188 
214645 
67189 
214646 
214647 
67191 
214648 
214650 
67194 
214651 
67195 
214653 
67197 
214654 
214655 
214656 
67201 
214658 
214659 
83587 
214660 
214661 
214662 
67206 
214663 
214664 
214665 
99977 
214666 
214667 
214668 
214669 
67213 
214670 
214671 
83599 
214672 
67216 
214673 
214674 
214675 
214676 
214677 
214678 
67223 
99992 
83611 
67230 
67233 
83621 
67238 
100007 
67242 
83633 
67251 
100026 
83648 
67266 
100041 
83660 
67277 
83672 
67290 
100059 
67306 
67313 
83698 
67320 
67322 
100091 
83717 
67333 
67335 
100104 
67345 
100116 
67349 
83737 
67358 
67362 
100133 
83751 
67373 
67375 
100150 
83770 
67389 
67390 
100164 
83785 
67403 
67407 
51028 
100182 
83799 
67416 
67419 
51044 
100199 
67432 
67435 
100212 
51064 
67449 
67459 
100234 
67468 
100241 
67476 
51093 
100247 
67487 
100259 
51107 
67498 
100272 
67513 
100285 
100296 
67528 
67540 
100311 
83930 
67554 
100326 
83946 
67566 
100338 
83961 
67579 
100357 
83974 
67596 
100371 
83989 
67608 
100384 
84006 
67622 
100400 
84018 
67635 
100406 
84025 
67645 
84035 
100426 
67658 
84048 
67668 
100441 
84061 
67682 
67683 
67685 
100455 
67687 
84072 
67691 
67693 
67694 
67697 
84085 
67702 
100473 
67710 
67711 
67713 
84099 
67715 
67717 
100489 
67721 
67724 
67726 
84111 
67737 
67740 
84125 
67741 
67743 
67745 
67747 
67750 
67752 
67754 
84139 
67755 
67756 
67767 
84152 
67769 
67770 
67772 
67773 
67775 
67777 
67780 
84166 
67783 
67791 
84178 
67795 
67797 
67799 
67800 
67802 
67803 
67806 
67811 
67817 
67818 
84204 
67832 
84221 
67849 
84236 
100631 
67863 
84248 
67875 
100644 
84261 
67889 
2359 
84280 
2360 
67905 
84292 
67915 
84307 
67929 
84319 
67943 
84333 
67955 
84350 
67970 
84366 
67987 
84374 
84384 
68003 
84398 
68016 
231866 
68029 
2499 
2504 
2506 
2507 
68045 
2509 
2514 
68058 
68072 
68086 
2550 
68098 
2575 
2576 
68114 
2582 
2583 
68128 
2602 
2604 
68141 
68176 
68189 
2664 
2665 
68203 
2667 
2668 
68205 
68208 
68210 
68214 
68218 
68228 
68231 
68233 
68236 
68237 
68238 
68252 
68253 
68255 
68258 
68261 
68263 
68273 
68274 
68276 
68277 
68282 
68284 
68286 
84671 
68293 
68300 
84685 
68305 
68308 
68311 
68312 
84697 
68316 
68318 
68321 
84709 
68333 
84718 
68341 
68347 
84732 
68362 
84752 
68368 
2832 
68377 
84768 
2848 
68385 
68394 
2862 
68399 
84786 
68411 
68420 
84806 
68425 
68433 
2897 
2903 
84826 
68448 
68458 
84846 
68474 
84859 
84871 
84880 
68497 
84889 
68513 
84902 
68526 
84915 
68540 
84929 
68556 
84945 
68571 
84963 
68585 
84975 
68599 
84990 
68613 
85004 
68625 
85019 
68639 
85038 
68654 
85046 
85060 
68688 
85075 
52310 
68704 
85089 
52322 
85103 
68719 
52337 
85116 
52352 
85123 
68741 
265353 
265354 
265355 
265356 
265357 
85134 
52367 
68756 
265370 
265371 
265373 
265374 
265376 
265377 
265378 
265379 
68772 
265381 
85157 
265382 
265383 
265388 
265389 
265390 
265391 
265392 
265393 
265394 
85171 
265396 
265397 
68789 
265398 
265399 
265400 
265401 
265402 
85179 
68803 
265415 
85192 
265418 
265419 
85204 
68826 
85216 
68834 
68845 
52461 
68857 
52475 
68870 
52489 
68882 
68887 
52503 
68888 
68890 
52514 
85287 
68903 
68905 
68907 
68911 
85301 
52536 
68921 
68924 
68926 
85313 
68929 
52550 
68941 
85328 
68945 
52562 
68948 
68950 
85342 
52575 
68961 
68964 
68966 
68968 
85358 
52590 
68984 
85371 
68997 
69025 
85416 
69039 
85433 
69054 
85445 
69071 
85465 
69084 
85480 
69099 
85495 
69114 
85509 
69128 
85522 
52757 
69143 
69154 
52770 
85540 
69168 
85556 
52792 
85564 
69180 
69186 
52807 
85580 
69198 
52819 
85591 
69210 
69223 
69224 
85611 
69238 
69239 
85625 
69252 
69253 
85639 
69265 
69268 
85653 
69275 
69279 
85666 
52905 
69290 
69292 
69303 
52920 
69305 
69316 
52934 
69319 
52947 
69332 
69333 
52961 
69349 
52971 
69360 
69363 
52985 
69373 
52998 
69386 
53012 
85781 
69404 
53024 
69418 
85803 
69433 
85818 
69447 
85835 
69453 
69457 
85848 
69467 
69473 
69477 
69481 
85867 
69483 
69485 
69486 
69487 
85879 
69499 
69501 
69502 
69505 
85890 
69507 
69510 
69512 
69517 
69520 
69522 
69525 
69527 
69529 
69531 
85917 
69536 
69539 
69542 
69545 
69547 
85933 
69549 
69558 
69561 
69564 
69567 
69570 
69572 
69587 
69599 
69611 
69623 
86020 
69638 
86036 
69653 
69665 
86051 
69679 
86066 
86070 
69700 
233552 
233553 
69713 
233554 
233555 
233556 
233560 
69728 
69742 
233592 
233593 
233594 
233596 
233597 
69757 
233599 
233600 
233601 
233602 
233603 
233604 
233606 
233607 
233608 
233609 
233610 
233611 
69771 
233612 
233613 
233614 
233618 
86162 
69784 
86177 
69801 
86194 
233653 
233654 
233655 
69815 
86209 
69828 
86224 
69840 
69854 
69866 
69878 
69889 
53511 
233742 
69902 
233743 
233744 
233745 
233746 
233747 
233748 
53528 
69916 
53544 
69934 
53560 
69948 
69963 
53579 
69977 
69991 
86389 
70007 
70018 
86405 
86412 
70039 
53656 
86430 
53666 
70052 
86447 
70065 
53682 
70080 
53701 
86470 
70093 
53717 
86488 
70106 
70114 
86505 
70127 
86525 
70145 
70159 
86545 
70175 
86562 
70190 
86575 
70209 
86594 
53838 
86609 
70226 
86622 
70239 
53858 
86638 
70254 
53876 
86649 
70268 
86660 
53893 
70281 
86674 
53912 
70297 
86688 
70307 
70320 
70332 
70344 
70364 
70390 
70404 
86792 
70420 
86807 
86820 
70436 
86833 
70451 
70454 
86847 
37698 
70467 
70469 
70474 
86863 
37713 
70484 
70487 
70490 
86877 
37726 
70501 
70504 
70506 
86892 
37744 
70518 
86903 
70522 
70523 
37757 
86917 
70536 
70538 
86930 
70555 
267166 
86942 
267167 
267173 
267175 
267176 
267177 
267178 
86955 
267180 
70572 
267181 
267182 
267183 
267184 
70584 
86971 
267196 
267197 
267198 
267199 
267200 
267201 
267203 
70595 
267204 
267205 
267206 
267207 
267208 
86984 
267209 
267210 
267211 
267212 
267213 
267216 
70609 
86996 
70621 
87008 
54246 
70634 
87021 
54263 
70648 
87034 
87045 
70662 
54285 
87058 
70680 
87070 
54305 
70695 
87082 
54323 
87107 
70724 
87122 
70742 
70756 
70776 
70793 
70806 
70818 
70833 
70847 
70859 
70870 
38116 
70894 
38129 
70908 
38145 
70924 
87311 
38163 
87323 
70939 
38178 
70952 
87337 
70966 
87352 
70977 
87365 
70991 
70994 
70997 
71000 
87385 
71002 
71003 
71014 
71016 
71018 
87405 
71022 
71023 
71025 
87422 
71038 
71040 
71041 
71042 
71045 
71049 
38285 
71054 
87440 
71056 
71061 
87446 
71064 
71065 
71067 
38300 
87460 
71080 
71082 
71083 
71086 
71087 
71088 
87473 
38324 
71104 
87494 
38342 
71116 
87509 
38358 
71129 
87525 
71141 
71153 
87547 
71169 
71172 
87565 
71186 
71190 
87584 
71205 
71207 
87599 
71220 
71222 
71226 
87612 
71229 
71239 
71251 
71267 
71280 
71295 
71308 
87706 
71322 
71334 
87721 
71346 
87735 
71359 
87746 
87760 
71376 
71388 
87776 
71396 
87781 
87787 
71408 
87798 
71422 
87814 
87833 
87846 
87862 
55101 
87880 
55120 
87896 
55137 
87913 
55151 
87925 
87940 
55175 
55190 
71585 
87971 
55203 
251819 
251820 
71596 
251821 
251822 
251823 
71599 
251824 
251825 
251826 
55218 
251827 
251828 
87988 
251829 
251830 
251831 
251832 
251833 
251834 
71610 
251835 
71613 
251838 
55234 
71621 
71628 
71634 
55252 
71644 
71653 
71660 
71667 
251904 
71680 
251914 
71690 
251915 
251918 
251920 
251921 
251922 
251923 
251924 
251925 
251926 
71702 
251927 
251930 
251931 
251932 
251934 
251936 
251937 
251938 
251941 
251942 
71718 
251943 
251944 
251945 
251946 
251947 
251948 
251949 
251950 
251951 
251952 
251953 
71729 
251954 
251955 
251956 
251957 
251958 
251959 
251960 
251961 
251962 
251963 
71739 
251964 
251965 
251966 
251967 
251968 
251969 
251970 
251971 
251972 
71749 
251974 
251975 
251981 
251982 
251983 
251984 
251985 
71764 
71782 
71795 
55412 
252026 
252027 
252028 
252029 
252030 
252031 
88191 
252032 
252033 
252034 
71811 
55428 
88206 
71823 
55444 
252060 
71836 
88227 
252069 
252070 
252071 
252072 
252073 
55465 
252074 
252075 
71853 
88240 
55478 
71865 
88258 
71880 
88273 
71892 
88285 
71904 
88292 
88298 
71914 
71924 
268534 
268538 
88315 
268542 
268543 
268544 
268545 
71938 
268547 
268548 
268549 
268551 
268552 
268553 
268554 
88331 
268559 
71951 
268561 
88346 
71964 
88361 
71982 
88377 
71996 
72007 
88392 
72020 
88408 
72034 
88420 
55654 
72050 
88436 
72053 
55671 
72058 
72062 
72065 
88451 
72067 
72088 
55704 
72090 
88476 
72092 
72095 
72098 
72101 
55723 
72112 
72116 
72120 
72121 
72123 
72125 
55743 
72137 
72139 
72141 
72143 
72146 
72147 
39391 
72161 
72165 
72166 
72169 
39402 
72171 
72174 
39416 
72187 
72199 
39431 
72210 
39443 
72223 
72235 
72238 
72248 
72252 
72253 
72258 
72260 
72267 
72270 
72280 
72281 
72295 
72297 
88684 
72300 
72302 
72303 
72305 
88698 
72317 
72320 
72324 
72326 
88711 
72330 
72331 
88723 
72342 
72346 
72350 
72351 
72353 
72355 
88740 
72366 
72368 
72371 
72372 
72374 
72377 
72387 
72390 
72391 
72392 
72395 
72399 
56027 
56037 
56054 
39671 
39684 
56073 
88851 
39700 
56091 
39713 
88868 
39727 
88883 
56115 
88896 
56133 
88914 
56155 
88933 
56171 
88950 
56182 
72573 
88966 
72590 
88976 
72603 
88989 
72620 
72637 
72652 
72664 
72676 
72691 
89084 
72706 
89095 
72723 
89113 
72737 
89126 
72751 
89140 
89149 
89156 
72775 
89170 
72786 
72789 
89181 
72797 
72807 
89193 
72820 
89209 
72832 
89229 
89246 
72874 
89260 
72886 
89279 
72899 
72908 
89300 
269529 
72921 
269531 
269534 
269536 
269537 
269538 
269539 
72931 
269540 
72943 
89332 
72955 
89347 
72968 
40207 
89361 
72982 
89372 
40224 
72995 
73009 
40241 
73020 
40257 
73033 
40270 
73048 
73064 
73079 
73093 
73113 
73125 
73141 
73155 
73165 
73178 
73191 
56809 
73207 
56826 
89603 
73222 
56841 
89617 
73236 
56857 
89632 
73250 
89644 
56877 
73263 
56887 
73283 
89669 
56905 
73296 
40536 
56921 
73308 
73320 
40552 
56939 
73333 
40567 
56958 
40580 
40592 
73408 
73410 
73412 
73415 
73419 
73421 
73431 
73433 
73435 
73438 
73440 
89829 
57066 
73453 
89838 
73463 
57079 
73467 
73469 
89854 
73470 
73471 
73474 
73477 
57097 
73482 
89868 
73489 
73491 
73494 
40726 
73496 
89882 
73498 
73502 
57118 
73503 
40741 
73513 
73515 
57131 
73516 
73517 
73519 
73521 
73523 
73529 
40762 
73537 
73538 
73540 
73543 
73548 
40781 
73551 
73561 
73563 
40795 
73566 
73567 
73571 
73572 
73583 
73586 
73587 
73588 
73590 
73594 
204673 
204674 
204675 
204676 
204677 
204678 
204679 
73607 
204680 
204681 
73609 
204682 
204683 
204684 
204685 
204686 
73619 
73620 
204693 
204694 
73622 
73624 
204697 
204698 
204699 
204704 
204705 
73633 
204708 
204709 
73637 
73638 
204711 
73639 
204715 
73643 
204716 
204717 
73645 
204718 
204738 
204739 
204743 
204745 
204747 
204748 
73729 
40972 
73743 
73755 
40987 
40999 
73768 
73782 
41016 
41024 
73794 
73806 
73819 
73835 
73851 
73869 
73883 
73898 
73900 
73912 
73919 
41151 
73926 
73932 
41164 
73942 
41181 
73958 
41190 
41207 
73976 
73984 
73988 
73998 
74003 
74013 
74019 
74028 
74036 
74043 
74060 
74075 
74090 
74106 
74121 
57740 
74131 
57761 
74148 
74163 
57783 
74179 
41414 
57806 
74194 
74195 
41430 
74209 
41441 
57827 
41456 
74225 
57851 
41471 
74241 
57870 
74255 
57883 
74268 
74280 
57900 
74292 
74297 
74311 
57929 
74328 
74340 
74353 
74366 
74379 
74392 
74405 
74417 
74429 
74440 
74455 
74476 
74488 
74502 
58128 
74516 
58142 
74532 
90926 
58158 
74546 
90940 
58172 
74559 
90951 
58186 
74571 
90962 
74584 
90973 
74600 
74612 
74625 
74645 
74656 
58296 
58318 
41949 
58340 
41962 
58353 
41979 
91138 
91149 
58381 
41997 
91153 
91157 
42011 
91168 
91182 
91196 
91197 
91198 
74832 
91226 
74845 
91230 
74860 
74876 
91264 
91267 
74891 
74908 
74912 
74913 
74918 
74922 
74923 
91314 
58546 
91317 
74934 
74937 
74940 
74946 
74947 
58563 
74950 
91336 
58577 
74964 
74966 
74968 
74970 
91355 
74971 
74973 
58592 
74978 
91363 
74979 
74983 
74986 
58603 
74988 
74989 
91376 
75002 
75004 
75007 
75008 
75010 
75011 
75025 
42266 
75037 
42278 
75048 
91436 
91437 
91441 
42291 
75060 
75070 
42306 
75085 
42318 
91481 
75098 
91484 
91490 
91492 
75111 
91504 
75125 
91514 
75140 
91526 
91528 
91530 
91531 
75149 
91534 
75153 
75155 
75158 
91544 
75161 
75162 
91554 
75175 
75177 
75178 
75179 
75181 
75182 
91568 
91569 
91570 
91573 
75196 
75197 
75200 
75201 
91586 
75202 
75207 
91600 
75219 
75221 
75224 
91610 
75226 
75230 
75231 
91618 
91619 
91622 
75244 
75246 
75249 
75252 
91637 
75254 
75255 
91653 
91665 
91678 
75338 
75352 
91750 
75369 
91765 
42614 
75383 
42625 
91780 
75398 
91792 
42643 
91804 
91806 
91807 
42659 
91812 
42668 
91842 
91855 
91856 
75480 
91876 
91878 
75495 
75503 
91894 
75518 
239364 
239365 
239366 
239367 
239368 
75528 
239369 
91913 
239370 
239371 
239372 
239373 
239374 
42766 
239375 
239376 
239377 
239378 
239379 
239380 
91924 
239381 
239382 
239383 
239384 
91928 
75544 
239385 
91931 
91932 
239389 
42781 
239391 
239392 
239395 
239396 
75556 
239397 
239398 
239399 
239400 
91951 
42800 
75570 
75583 
91970 
91971 
91975 
42824 
91979 
75596 
91991 
75610 
239451 
75623 
75627 
75634 
75639 
75649 
75654 
75663 
239512 
239513 
239514 
239515 
239516 
75677 
239518 
239520 
75680 
239521 
239522 
239523 
239524 
239525 
239526 
239527 
239528 
239529 
239530 
239535 
239536 
239537 
75697 
239538 
239539 
239540 
239541 
239542 
239543 
239544 
239545 
239546 
239547 
75707 
239548 
239549 
239550 
239551 
239552 
239553 
239554 
239555 
239556 
239557 
239558 
239559 
75721 
239563 
239564 
239565 
239566 
239567 
239568 
239569 
239570 
239571 
239572 
239573 
75733 
239574 
239575 
239578 
239580 
239581 
239582 
239583 
239584 
239585 
239586 
239587 
75747 
239588 
239589 
239590 
239591 
239592 
239593 
239594 
239595 
239596 
239603 
75763 
239604 
75772 
75786 
92172 
75798 
92186 
75812 
92203 
92204 
92207 
75826 
92212 
92214 
75836 
239681 
239682 
239683 
239684 
239685 
92229 
239686 
239687 
75847 
239688 
239689 
239690 
239691 
239692 
239693 
239694 
239695 
75860 
92247 
75871 
92263 
92265 
92268 
92270 
75888 
92279 
75897 
75900 
43140 
75909 
92295 
92299 
92300 
75916 
92301 
43155 
75924 
92311 
75931 
75936 
43168 
75947 
43181 
75950 
92340 
43194 
75963 
92350 
75966 
92353 
75976 
75980 
239824 
239825 
239826 
239827 
239828 
239829 
239830 
75990 
239831 
239832 
239833 
239834 
239835 
239836 
75996 
239837 
239838 
239839 
239840 
239841 
76002 
92396 
92397 
76014 
92399 
76015 
76028 
76046 
76047 
76049 
76050 
76055 
76058 
76062 
76072 
76075 
76079 
76081 
76085 
76088 
76090 
76101 
76103 
76106 
76107 
76109 
76114 
76117 
92511 
76129 
76130 
76132 
76135 
76138 
76139 
76140 
92525 
92537 
76153 
76154 
76155 
76157 
76159 
76164 
76167 
92552 
92556 
92569 
92579 
43427 
256425 
256426 
256427 
256428 
256429 
256430 
256431 
256432 
256433 
43441 
256434 
256435 
92595 
256436 
256437 
256438 
256439 
256440 
256442 
256443 
43452 
256446 
76222 
256447 
256448 
92611 
76234 
43466 
92626 
76246 
43480 
59867 
76259 
59880 
43501 
76273 
59895 
256506 
43518 
76291 
59912 
256523 
256524 
76301 
43533 
256526 
256527 
256530 
256531 
256532 
256533 
256534 
59926 
256535 
256536 
256537 
256538 
76314 
256539 
256540 
256541 
76317 
59939 
256548 
43557 
256551 
256552 
256553 
256554 
256555 
256556 
76332 
256557 
256558 
256559 
256560 
59952 
256561 
256562 
256563 
256564 
76340 
256565 
256566 
256567 
256568 
256569 
256570 
256571 
256572 
256573 
256574 
256575 
256576 
256577 
256578 
256579 
256580 
256581 
256582 
256583 
256584 
256585 
256586 
76362 
256587 
59979 
256588 
256589 
76365 
43597 
256590 
256591 
256592 
256593 
256594 
256595 
256596 
256597 
59993 
256607 
256608 
256609 
256610 
76386 
256611 
256612 
76391 
256617 
60010 
76401 
92790 
92793 
76414 
76420 
76427 
256654 
256655 
256656 
256657 
207505 
256658 
256660 
207511 
207513 
76442 
92830 
256672 
92833 
256676 
256677 
256678 
256679 
207528 
76458 
207532 
76462 
76465 
207538 
76468 
207542 
76471 
207545 
76475 
207548 
207550 
207553 
76487 
60103 
207560 
76489 
76491 
207564 
92876 
76493 
92878 
76496 
207569 
60116 
76501 
207575 
207579 
207580 
207588 
207589 
76518 
76521 
207594 
76523 
207599 
76527 
207603 
76531 
76534 
60150 
207611 
207614 
207618 
207619 
76548 
207623 
207624 
76552 
207625 
207627 
76555 
60172 
76558 
207632 
92946 
76562 
76564 
92951 
207641 
207645 
60190 
76578 
207652 
76580 
76582 
207655 
207656 
76585 
207658 
207659 
76587 
207662 
76590 
207663 
207666 
207671 
92993 
92996 
207687 
43848 
207689 
207690 
207693 
207694 
207695 
207696 
207700 
207702 
207704 
43868 
207719 
207720 
207723 
207726 
207730 
43890 
207731 
207739 
207740 
207742 
43903 
93058 
207750 
207751 
207754 
207756 
207758 
76687 
76695 
207774 
207775 
93087 
207777 
76706 
207780 
207782 
207785 
207786 
207787 
76718 
207794 
207800 
93113 
207804 
76735 
207811 
207812 
93124 
207813 
207814 
207820 
207821 
60368 
207827 
76755 
207828 
207829 
207830 
207831 
207832 
93144 
207833 
207834 
207835 
207836 
207837 
207838 
60382 
207842 
76770 
207848 
207851 
207852 
207853 
207854 
207855 
93167 
60399 
207856 
207857 
207858 
207859 
207860 
76788 
207861 
207862 
207863 
207870 
60415 
93184 
207874 
76802 
207875 
207877 
207880 
207881 
207882 
207883 
207884 
207885 
207886 
207887 
76816 
60433 
207895 
207898 
207899 
207903 
207904 
207905 
207906 
207907 
207908 
207909 
207910 
207911 
207912 
207913 
207914 
207915 
207916 
207917 
207925 
207926 
76864 
207937 
207938 
207940 
76877 
207954 
76890 
60510 
207969 
76897 
76903 
60521 
207978 
76909 
207986 
76916 
60534 
76923 
207996 
208002 
60546 
208003 
208005 
76936 
60562 
76951 
208026 
208030 
208031 
208036 
208037 
76967 
208043 
208053 
76982 
208062 
208064 
208065 
76994 
44231 
208074 
208080 
44250 
77022 
77026 
77036 
77045 
77057 
44298 
77069 
77084 
44318 
77100 
44336 
60721 
77113 
60732 
77125 
44358 
60744 
77137 
44370 
60761 
77150 
44384 
60775 
44398 
60792 
44413 
60806 
60839 
60859 
93632 
60872 
93643 
93658 
60894 
93671 
60904 
77298 
77301 
60918 
93687 
77303 
77306 
77310 
77314 
60938 
77332 
77334 
60952 
77337 
77340 
77341 
77343 
77362 
77364 
77365 
77366 
77373 
77378 
77392 
77396 
93781 
77398 
77401 
77403 
77405 
93799 
77422 
77427 
77429 
77431 
93816 
77436 
77438 
93832 
77452 
77455 
93845 
77468 
77474 
93864 
77481 
77488 
93880 
77496 
77502 
93894 
77515 
93908 
77534 
44771 
77542 
93935 
44785 
77557 
44800 
77571 
77587 
44821 
77605 
44838 
77607 
77618 
77619 
77629 
77630 
77640 
77641 
77653 
77654 
77733 
77748 
77757 
77762 
77768 
61384 
77774 
61398 
77783 
77786 
61409 
77796 
61421 
77806 
77819 
61437 
77838 
77858 
77874 
45189 
77961 
45202 
77974 
45216 
77987 
45230 
78001 
78015 
45249 
78030 
78032 
78036 
78039 
78044 
78047 
78049 
78053 
78057 
78059 
78060 
78061 
78068 
78070 
78071 
78076 
78077 
78078 
78089 
78090 
78092 
78094 
78095 
78097 
78108 
78110 
78113 
78115 
78119 
78121 
61815 
78208 
61825 
78228 
61847 
78241 
61859 
78254 
61872 
78263 
78277 
78283 
78288 
78296 
78299 
78309 
78312 
78321 
78325 
78333 
78338 
78355 
94752 
45602 
78371 
94767 
78387 
45621 
78393 
45626 
94781 
45634 
78411 
45643 
94796 
94808 
78431 
78447 
78452 
78463 
62080 
78467 
78475 
62096 
78481 
78485 
78487 
78488 
78490 
78491 
78492 
62109 
78496 
78497 
78499 
78500 
78501 
78502 
78507 
78508 
78509 
78510 
62126 
78512 
78513 
78517 
78519 
78521 
78522 
78523 
62139 
78524 
78527 
78528 
78530 
78532 
78533 
78534 
78554 
78561 
78567 
78575 
78587 
78597 
78603 
111373 
111376 
78609 
94994 
111381 
111383 
111386 
111389 
95008 
78625 
78630 
78635 
95025 
111411 
111413 
78651 
95043 
78659 
78665 
111439 
95057 
111443 
111446 
111450 
78683 
111456 
111459 
78694 
78700 
111475 
111480 
78718 
78742 
78756 
111533 
111539 
78773 
111543 
111546 
111549 
111552 
78794 
111566 
111570 
78806 
78820 
111601 
78833 
111603 
111610 
78844 
111618 
111624 
111625 
111645 
111648 
46141 
78918 
46155 
111697 
111700 
78932 
111704 
111707 
111710 
46175 
111712 
78946 
111727 
46192 
78962 
111731 
62580 
78977 
62598 
78997 
62613 
79013 
62632 
79029 
62649 
79042 
62668 
79053 
62684 
46308 
46314 
46324 
62713 
46336 
62727 
46351 
62742 
79138 
62760 
79151 
62772 
79162 
62785 
79174 
62798 
79185 
79191 
62809 
79200 
79202 
79203 
79204 
62823 
79208 
79209 
79210 
79218 
62835 
79220 
79222 
79225 
79228 
79229 
79230 
79232 
62848 
79242 
79249 
79250 
79251 
79253 
62869 
79254 
112023 
79257 
79263 
79266 
79267 
62883 
79268 
79272 
79274 
79286 
79288 
79291 
79294 
79297 
79300 
112073 
79317 
46557 
79329 
46574 
79344 
112121 
79356 
46596 
79371 
46614 
79387 
46632 
79404 
112181 
46647 
79430 
46663 
112211 
46679 
79448 
112231 
79464 
46698 
79481 
79495 
79510 
79524 
79538 
79556 
79570 
79582 
79591 
79597 
79614 
79619 
79621 
79624 
79625 
79627 
79628 
79630 
79633 
79642 
79645 
79646 
79649 
79651 
79652 
79656 
79658 
79659 
79662 
79665 
79672 
79674 
79675 
79678 
79679 
79682 
79683 
79684 
112453 
79687 
96074 
79698 
79699 
112468 
79700 
79703 
46935 
79707 
79709 
79711 
96096 
79715 
112484 
79716 
46951 
79728 
79730 
79731 
112500 
96116 
79734 
79737 
46970 
79739 
79741 
112514 
96130 
63367 
96144 
79760 
63376 
112529 
46994 
79769 
63387 
47003 
112543 
96162 
79779 
96164 
96167 
47015 
96170 
63402 
96172 
96175 
79792 
112562 
47027 
63416 
79804 
112577 
96195 
96199 
47048 
96201 
96202 
63435 
96204 
112590 
96206 
79822 
79828 
47063 
96220 
63452 
96222 
96223 
96225 
96226 
79842 
96228 
63466 
79856 
96243 
96245 
96247 
96250 
63483 
79868 
96253 
96255 
96269 
79885 
63501 
96272 
96276 
96277 
96279 
96281 
79898 
79911 
96298 
47155 
79925 
79932 
47176 
79945 
96335 
79955 
47194 
112733 
79969 
96355 
47206 
260204 
260205 
260206 
260207 
260208 
112752 
79984 
260209 
260210 
260211 
260212 
260213 
260214 
260215 
260216 
47224 
260217 
260218 
260219 
260220 
96380 
79996 
112774 
80011 
80021 
112792 
80024 
80026 
80029 
96414 
80031 
80033 
260261 
260262 
112808 
80044 
260272 
260273 
260275 
260276 
260277 
260278 
96438 
260279 
260280 
80056 
260281 
260282 
80059 
80061 
260288 
80064 
260291 
80067 
80068 
260293 
260294 
260295 
96455 
260296 
260297 
260298 
260299 
260300 
260301 
260302 
260303 
260304 
260305 
260306 
80082 
260307 
260308 
260309 
260310 
260311 
96471 
260313 
260314 
260315 
260316 
260317 
80093 
260318 
260319 
260320 
80096 
260321 
260329 
80109 
80110 
80111 
80113 
96503 
80126 
112903 
112905 
96521 
260362 
80138 
260363 
80139 
260365 
80141 
260366 
80145 
80148 
80150 
96543 
80163 
80174 
96559 
80177 
80179 
80180 
80183 
80184 
96573 
112964 
112966 
96591 
112983 
112984 
47455 
96610 
47475 
113016 
113018 
47490 
47506 
47524 
63915 
63917 
47540 
63928 
63934 
63936 
63938 
47555 
113093 
113095 
113098 
113100 
63949 
96718 
63951 
63954 
47570 
63955 
63957 
63958 
96729 
47583 
96740 
63972 
63976 
63977 
63979 
47597 
63982 
113136 
96754 
63986 
113139 
63995 
47613 
63999 
64001 
96770 
64005 
64006 
64007 
47627 
64020 
96789 
64021 
64023 
47640 
64026 
64027 
64028 
47653 
96806 
47668 
113218 
96834 
113221 
113224 
113227 
96856 
80474 
96865 
113250 
113253 
80487 
113256 
96882 
80501 
96894 
80514 
47752 
96908 
80526 
47768 
96922 
113307 
113309 
80542 
113311 
113312 
96932 
47782 
80557 
47795 
96951 
80570 
113339 
113341 
113344 
47810 
96964 
80582 
96974 
80593 
96991 
96996 
80617 
97009 
80628 
97024 
80641 
113411 
113415 
97035 
80652 
97047 
80664 
64283 
97057 
97211 
80837 
97227 
80849 
97240 
80860 
97257 
80874 
80887 
48122 
97277 
80902 
48135 
80911 
80913 
80915 
80917 
97302 
80918 
48150 
80920 
48163 
80932 
97320 
80942 
48175 
80945 
80948 
97335 
97346 
80963 
80966 
80968 
80982 
97369 
80997 
80998 
80999 
81001 
81005 
97392 
81008 
97414 
81030 
97434 
81050 
81052 
81057 
81059 
81060 
81061 
97447 
81082 
81097 
81100 
81102 
81104 
97490 
81107 
81109 
97510 
81136 
64755 
97530 
81148 
64771 
97550 
81166 
64791 
81181 
97566 
64806 
81196 
97583 
64827 
97603 
81221 
97618 
81244 
97630 
81258 
97648 
81274 
97673 
81290 
81301 
97702 
81318 
81330 
97724 
196029 
81341 
196030 
196031 
196032 
196033 
196034 
196035 
196036 
196037 
196038 
196039 
196040 
196041 
196042 
81354 
196043 
196044 
196045 
196046 
196047 
97743 
196048 
196049 
196050 
196051 
196052 
196053 
196054 
196055 
196056 
196057 
81369 
196058 
196062 
81374 
196063 
81375 
196064 
196065 
196066 
81378 
196067 
196068 
196069 
81381 
196070 
196071 
196072 
81384 
196073 
81385 
196074 
196075 
196076 
196077 
196078 
196079 
196080 
196081 
196082 
196083 
97779 
65011 
196084 
196085 
196086 
81399 
65015 
196088 
196089 
81401 
196090 
81403 
196092 
65020 
196093 
81405 
65021 
196094 
196095 
65023 
196096 
65024 
196097 
196098 
81410 
196099 
65027 
196100 
196101 
97797 
196102 
81414 
196103 
196104 
81416 
196105 
196106 
196107 
196108 
196109 
196110 
196111 
196112 
97808 
196113 
196114 
196115 
196116 
65044 
196117 
196118 
81430 
196119 
65047 
196120 
196121 
196122 
81434 
65050 
196123 
81435 
196124 
97820 
81436 
196125 
196126 
65054 
196127 
81439 
196128 
81440 
196129 
81441 
65057 
196130 
196131 
196132 
196133 
196134 
65062 
196135 
65063 
196136 
196137 
196138 
97834 
196139 
196140 
196141 
196142 
196143 
196144 
81456 
196145 
196146 
81458 
196147 
196148 
196149 
81461 
196150 
196151 
196152 
196153 
65081 
196154 
196155 
97851 
81467 
196156 
196157 
196158 
81470 
196159 
81471 
65087 
196160 
196161 
81473 
196162 
65090 
196163 
196164 
196165 
65093 
196166 
97862 
65094 
196167 
196168 
65096 
196169 
196170 
196171 
81483 
196172 
65100 
196173 
196174 
196175 
81487 
196176 
196177 
196178 
81490 
196179 
97875 
196180 
196181 
196182 
81494 
196183 
196184 
196185 
196186 
196187 
196188 
81500 
196189 
196190 
196191 
196192 
196193 
97889 
65121 
196194 
196195 
196196 
196197 
65125 
196198 
65126 
196199 
196200 
196201 
196202 
81514 
196203 
65131 
196204 
196205 
196206 
65134 
196207 
196208 
65136 
196209 
196210 
196211 
196212 
81524 
65140 
196213 
196214 
81526 
196215 
81527 
196216 
196217 
196218 
81530 
196221 
196222 
81534 
196223 
196224 
81536 
196225 
97921 
196226 
196227 
65155 
196228 
196229 
196230 
196231 
65159 
196232 
196233 
196234 
65162 
196235 
196236 
196237 
65165 
196238 
97934 
81550 
196239 
196240 
196241 
65169 
196242 
65170 
196243 
196244 
196245 
65173 
196246 
196247 
196248 
196249 
81561 
196250 
196251 
81565 
196254 
97950 
196255 
196256 
81569 
196258 
81570 
196259 
196260 
196261 
196262 
81574 
196263 
196264 
81577 
196266 
196267 
196268 
196269 
196270 
196271 
196272 
196273 
97969 
196274 
196275 
196276 
196277 
196278 
196279 
196280 
48824 
196281 
81593 
196282 
196283 
196284 
196285 
196286 
196287 
196289 
196290 
196291 
196292 
97988 
81604 
196293 
48838 
196295 
196296 
81608 
196297 
196298 
81610 
196299 
196300 
81612 
196301 
81614 
196304 
81616 
196305 
196306 
196307 
196308 
196309 
196310 
196311 
196312 
98008 
196313 
196314 
196315 
196316 
196317 
196318 
196319 
196320 
81632 
196321 
196322 
196323 
98019 
196324 
196325 
81637 
196326 
196328 
196330 
81642 
196331 
196332 
81644 
196333 
196334 
196335 
81647 
196336 
81648 
196337 
81649 
196338 
196339 
196340 
196341 
98037 
196342 
196343 
196344 
196345 
196346 
196347 
196348 
196349 
196350 
196351 
196352 
196354 
81666 
196355 
196356 
196357 
196358 
196359 
196360 
196361 
196362 
196363 
98059 
196364 
196365 
196366 
196367 
81679 
196368 
196369 
81681 
196370 
196371 
81683 
196372 
81685 
196374 
196375 
81687 
196377 
81689 
196378 
196379 
196380 
196383 
98079 
196384 
196385 
196386 
196387 
196388 
196389 
196390 
196391 
196392 
196393 
196394 
196395 
196396 
196397 
196398 
196399 
196400 
196401 
196403 
196404 
98100 
196406 
196407 
196408 
196409 
196410 
196411 
196412 
196413 
196414 
196415 
196416 
196417 
196418 
98114 
196420 
196421 
196422 
196423 
196424 
196425 
196426 
196427 
196428 
196429 
196430 
196431 
196432 
196433 
196434 
196435 
196436 
196437 
98134 
196439 
196440 
196442 
196443 
196444 
196445 
196446 
196447 
196448 
196449 
196450 
196451 
196452 
196453 
98149 
196454 
196455 
196456 
196457 
196458 
196459 
196460 
196461 
196462 
196463 
196464 
196465 
81777 
196466 
196467 
196468 
196469 
98165 
196470 
196471 
196472 
196473 
196474 
196475 
196476 
196477 
196478 
196479 
81791 
196480 
196481 
196482 
196483 
196484 
196485 
196486 
196490 
196491 
196492 
196495 
196496 
196497 
196498 
196499 
196500 
196501 
196502 
196503 
196504 
81816 
196505 
196506 
196507 
196508 
196509 
196510 
196511 
65439 
196514 
196515 
196517 
196518 
196519 
81831 
196520 
196521 
196522 
196523 
196524 
65452 
196525 
196526 
196527 
65455 
196528 
196529 
98225 
49073 
196530 
196531 
81843 
196532 
65460 
196533 
196534 
196535 
65463 
196536 
196537 
196538 
65466 
196539 
196541 
65469 
196542 
49086 
196543 
196544 
196545 
81857 
196546 
196547 
196548 
196549 
196550 
65478 
196551 
196552 
98248 
65480 
196553 
65481 
196554 
196556 
81868 
65484 
196557 
196559 
65487 
196560 
196561 
65489 
49105 
196562 
196563 
196564 
196565 
196566 
196567 
81880 
196569 
196570 
196571 
196572 
196573 
196574 
196575 
98272 
196577 
65505 
196578 
49122 
196579 
196580 
81892 
196581 
196583 
196585 
196586 
196587 
196588 
196589 
65518 
196591 
196592 
81904 
65520 
196593 
196594 
49138 
196595 
196596 
98292 
65524 
196597 
65526 
65527 
196601 
196602 
196603 
196604 
65532 
196605 
196606 
196607 
81919 
)

// ************************************************************************* //
