/*--------------------------------*- C++ -*----------------------------------*\
  =========                 |
  \\      /  F ield         | OpenFOAM: The Open Source CFD Toolbox
   \\    /   O peration     | Website:  https://openfoam.org
    \\  /    A nd           | Version:  dev
     \\/     M anipulation  |
\*---------------------------------------------------------------------------*/
FoamFile
{
    version     2.0;
    format      binary;
    class       cellSet;
    location    "constant/polyMesh/sets";
    object      botiliacaintsx2;
}
// * * * * * * * * * * * * * * * * * * * * * * * * * * * * * * * * * * * * * //


3805
(
90115 
90123 
73741 
57357 
90130 
21 
22 
90135 
23 
90137 
73753 
90139 
57373 
98334 
90143 
90146 
90148 
90149 
73765 
90152 
98351 
57392 
90161 
90162 
73781 
90166 
90169 
98363 
196669 
196670 
196671 
90175 
196672 
196673 
196674 
66 
196675 
67 
196676 
57412 
68 
196677 
69 
196678 
70 
196679 
71 
196680 
90184 
72 
196681 
98377 
90185 
73 
196682 
90186 
196683 
90187 
196684 
90188 
196685 
90189 
196686 
196687 
196688 
196689 
90193 
196690 
57426 
196691 
90195 
196692 
196693 
90204 
57438 
90209 
90217 
57450 
90219 
90227 
90230 
90232 
57469 
90242 
90243 
90244 
90245 
90247 
90249 
57482 
90251 
90254 
73878 
57494 
90264 
90265 
90268 
57509 
73897 
169 
170 
171 
90284 
172 
65709 
173 
90286 
90288 
90289 
178 
179 
90292 
180 
73910 
57526 
90297 
90300 
65724 
90308 
73925 
57543 
90313 
65737 
90324 
57558 
73944 
90329 
65756 
90333 
90334 
90336 
82144 
65766 
82152 
90346 
90347 
90356 
82165 
57589 
90364 
82173 
90371 
57605 
90376 
90379 
90381 
82189 
90382 
90384 
57617 
90386 
90388 
90389 
90395 
57633 
290 
291 
292 
90405 
294 
90408 
90410 
57649 
90420 
90421 
90423 
90424 
90427 
90428 
90431 
90432 
57664 
90433 
90435 
90436 
90438 
90439 
57679 
90452 
90455 
90462 
57694 
90469 
90470 
90473 
90476 
90478 
90479 
57711 
90480 
57714 
90483 
57718 
90487 
57721 
57723 
57724 
90497 
90500 
90501 
90510 
90512 
90513 
90515 
90517 
90518 
90521 
57757 
57759 
90529 
57763 
90532 
90534 
57767 
57771 
57773 
90548 
246198 
90550 
246199 
90551 
74167 
246200 
90552 
246201 
90553 
246202 
90554 
74170 
90557 
90559 
57793 
57797 
74182 
57798 
90567 
74184 
57801 
57804 
90573 
57805 
90574 
90580 
90582 
90584 
90586 
74204 
90589 
90590 
90591 
74207 
57824 
90593 
90594 
57826 
90597 
57830 
90600 
57832 
90602 
57835 
90605 
57837 
246254 
246255 
246256 
74224 
246257 
90609 
246258 
246259 
74227 
246260 
246261 
246262 
246263 
246264 
246265 
90617 
246266 
246267 
246268 
57852 
246269 
246270 
57854 
246271 
90623 
246272 
246273 
90625 
246274 
74242 
57858 
246275 
246276 
90628 
74244 
57860 
246277 
90629 
246278 
57862 
246279 
90631 
246280 
90632 
246281 
90633 
57865 
246282 
246283 
246284 
246285 
90637 
246286 
246287 
246288 
246289 
246290 
74258 
246291 
246293 
82454 
90648 
246297 
90649 
82457 
90650 
57882 
246299 
90651 
246300 
246301 
74271 
82469 
82471 
90666 
57899 
90668 
74285 
90670 
90671 
246320 
90672 
246321 
90673 
246322 
90674 
82482 
90675 
90678 
82486 
90679 
90683 
90684 
82493 
82494 
74304 
57925 
90695 
90696 
90697 
82505 
82506 
90699 
90701 
90702 
74318 
90703 
90704 
57937 
90721 
90722 
90726 
57959 
246377 
90736 
90740 
57975 
246392 
90744 
90746 
90748 
90749 
90750 
197251 
197252 
197253 
197254 
197255 
197256 
197257 
197258 
57994 
197259 
197260 
197261 
90765 
197262 
197263 
90767 
197265 
197266 
197267 
197268 
197269 
197270 
246423 
197271 
246424 
197272 
90776 
197273 
197274 
197275 
197276 
90780 
197277 
58013 
197278 
197279 
197280 
90784 
197281 
197282 
197283 
197284 
90788 
246437 
197285 
197286 
197287 
197288 
197289 
197290 
197291 
58027 
197292 
90796 
197293 
197294 
197295 
197296 
90800 
90805 
246460 
246461 
246462 
246463 
58047 
246464 
90816 
246465 
246466 
246467 
90819 
246468 
246469 
246470 
246471 
246472 
246473 
246474 
246475 
90828 
246477 
90830 
58064 
246481 
246482 
246483 
90845 
90846 
58078 
246497 
246498 
90850 
58082 
246499 
246500 
246501 
246502 
90856 
90858 
90860 
58092 
90862 
90863 
90865 
90866 
58107 
90881 
90882 
58121 
782 
90895 
783 
90897 
90898 
786 
90899 
787 
90900 
788 
789 
90903 
58137 
793 
74522 
794 
90907 
795 
796 
797 
798 
799 
800 
801 
802 
90915 
58147 
803 
74536 
90924 
90927 
58163 
74548 
90936 
90939 
90941 
90942 
90944 
90945 
74562 
58178 
90947 
90958 
74575 
58197 
90969 
90972 
58208 
90978 
90984 
90985 
74602 
90989 
90990 
66414 
58222 
90992 
90994 
90996 
74613 
66426 
91005 
91007 
58244 
91015 
74632 
66440 
58253 
66446 
263056 
263057 
263058 
263059 
263060 
66452 
263061 
263062 
263063 
91031 
263064 
58264 
263065 
91033 
91034 
91035 
263068 
263069 
263070 
263071 
91048 
58282 
74667 
91059 
91060 
74684 
58302 
74689 
91074 
91075 
74701 
58319 
91090 
91091 
980 
981 
982 
983 
984 
74716 
91105 
91107 
58344 
74734 
1006 
263151 
1007 
263152 
91120 
263154 
66546 
263155 
263156 
91124 
263157 
263158 
74746 
91132 
58364 
58369 
66562 
91141 
58375 
91145 
58378 
58382 
66575 
58384 
91153 
91157 
91158 
91159 
91160 
74776 
91161 
91164 
66588 
58397 
58402 
58405 
74790 
58408 
91177 
58409 
58410 
66604 
91184 
74804 
58421 
91190 
91194 
74811 
91196 
91198 
91199 
58431 
91200 
91201 
58433 
58435 
91204 
58437 
66630 
58438 
74823 
91209 
91214 
91216 
91218 
83028 
58452 
91222 
58454 
66647 
58457 
91226 
58459 
91230 
91231 
58463 
91233 
58465 
83048 
66666 
91244 
91251 
58484 
58486 
91255 
66679 
83064 
58488 
91258 
58490 
91260 
58494 
58495 
91264 
91267 
91270 
83080 
66697 
91274 
91284 
91287 
83096 
58521 
91302 
91304 
74920 
58537 
91309 
91312 
91314 
74933 
91321 
58553 
74938 
74942 
74952 
58570 
91340 
74958 
91344 
74962 
58583 
74969 
91360 
74980 
58599 
66792 
91369 
74993 
74995 
66803 
58614 
91389 
66814 
58625 
91396 
75013 
75016 
91403 
66827 
58640 
75028 
75031 
66840 
91417 
58656 
91426 
75045 
75049 
91434 
91436 
91437 
58672 
91441 
91443 
75061 
91446 
83254 
75063 
91448 
91452 
58685 
83267 
75075 
75078 
91467 
58699 
91470 
75087 
83282 
75090 
91481 
58714 
91485 
75102 
91487 
91488 
91489 
83297 
91490 
75107 
91492 
58725 
83308 
91507 
91508 
58742 
83322 
214402 
214403 
91523 
58755 
214404 
214405 
91525 
66949 
214406 
91526 
214407 
83335 
214408 
91528 
214409 
214410 
91530 
214411 
214412 
214413 
214414 
214415 
91535 
214416 
214417 
91537 
214418 
214419 
214420 
214421 
58773 
214422 
214423 
214424 
214425 
214426 
214427 
214428 
91548 
214429 
214430 
91550 
214431 
214432 
214433 
214434 
214435 
214436 
58788 
214437 
214438 
214439 
214441 
214443 
214444 
214445 
91565 
214446 
83374 
91567 
214448 
91568 
214449 
214450 
91570 
58802 
214451 
214452 
91572 
91573 
214454 
1462 
214455 
1463 
214456 
1464 
214457 
91577 
83385 
1465 
214458 
1467 
1468 
214461 
1469 
214462 
1470 
214463 
1471 
214464 
1472 
214465 
214466 
214467 
214468 
58820 
214469 
91589 
214470 
83398 
1478 
214471 
1479 
214472 
214473 
91593 
1481 
214474 
1482 
214475 
1483 
214476 
214477 
1485 
214478 
214479 
58831 
1487 
214480 
1488 
214481 
214482 
214483 
214484 
214485 
91605 
214486 
91606 
214487 
214488 
214489 
91609 
214490 
91610 
214491 
75227 
214492 
198108 
214493 
198109 
214494 
198110 
198111 
214496 
198112 
58848 
214497 
198113 
214498 
198114 
91618 
198115 
91619 
214500 
198116 
91620 
198117 
214502 
198118 
198119 
91623 
198120 
214505 
198121 
75241 
198122 
198123 
198124 
214509 
198125 
214510 
198126 
214511 
198127 
214512 
198128 
214513 
198129 
198130 
58866 
198131 
198132 
198133 
198134 
91638 
198135 
198136 
198137 
198138 
198139 
198140 
198141 
91645 
75261 
198142 
58878 
198143 
198144 
198145 
198146 
198147 
198148 
198150 
91654 
198151 
198152 
198153 
75273 
214538 
198154 
214539 
91659 
198156 
198157 
198158 
198163 
75283 
198164 
198165 
198166 
91670 
198167 
198168 
58904 
198169 
198170 
75290 
214555 
198171 
214556 
198172 
91676 
214557 
198173 
198174 
198175 
198176 
198177 
198178 
75298 
198179 
91683 
198180 
198181 
198182 
198183 
198184 
91688 
198185 
198186 
58922 
198187 
198188 
198189 
198190 
198191 
75311 
198192 
198193 
198194 
91698 
198195 
198196 
75316 
198197 
67125 
198198 
91702 
198199 
75319 
198200 
91704 
214585 
198201 
214586 
198202 
198203 
198204 
214589 
198205 
67133 
198206 
75326 
214591 
198207 
75327 
214592 
198208 
91712 
198209 
214594 
198210 
214595 
198211 
198212 
91716 
214597 
198213 
198214 
198215 
198216 
214601 
198217 
198218 
67146 
198219 
198220 
198221 
198222 
91726 
58958 
198223 
198224 
198225 
91730 
198227 
214612 
198228 
75348 
214613 
198229 
198230 
214615 
198231 
214616 
198232 
67160 
214617 
198233 
214618 
214619 
198235 
214620 
198236 
214621 
198237 
91741 
214622 
58974 
214623 
214624 
83552 
214625 
214626 
91746 
214629 
75368 
91754 
214635 
214636 
198252 
83564 
58990 
91759 
198259 
91768 
83576 
75384 
91769 
198268 
198270 
59006 
198271 
198273 
198275 
198276 
83589 
198279 
198280 
198281 
91785 
91787 
59019 
198284 
59022 
198288 
83600 
198289 
59025 
198291 
59028 
198293 
59030 
198295 
198296 
198297 
91801 
198298 
91802 
59034 
198299 
91804 
198302 
91806 
91807 
198304 
198305 
198306 
91811 
91813 
59047 
198313 
198314 
91819 
198316 
198320 
67250 
59059 
198324 
91829 
198326 
198327 
198328 
59065 
198330 
91834 
198331 
198334 
67262 
59070 
198335 
198337 
59073 
198338 
91842 
198339 
59075 
198340 
59076 
198342 
91846 
198343 
198345 
91849 
198346 
67274 
198348 
91852 
198350 
91854 
198351 
91855 
198352 
91856 
198353 
59089 
198355 
198356 
67286 
198360 
198362 
198364 
59101 
91870 
75486 
59102 
198367 
59103 
198368 
67298 
198372 
91876 
91877 
59109 
198374 
91878 
59110 
198377 
91881 
59113 
198378 
198380 
198381 
91887 
239344 
75505 
239346 
198386 
91890 
239347 
198387 
239348 
239349 
59125 
239350 
91894 
198393 
91897 
198396 
198397 
198400 
75520 
59136 
198401 
59139 
198405 
91909 
59142 
198407 
91912 
59147 
75532 
59150 
59151 
91921 
91924 
91926 
91928 
198425 
75546 
91932 
198429 
59165 
91937 
91939 
239401 
239402 
59178 
239403 
239404 
59180 
239405 
91949 
239406 
239407 
59183 
239408 
239409 
59185 
59186 
239411 
91955 
239412 
239413 
59189 
239414 
239415 
239416 
239418 
239419 
239420 
239421 
239422 
239423 
239424 
239425 
239426 
239427 
91971 
239428 
239429 
239430 
91974 
239431 
91975 
239432 
239433 
239434 
59210 
239435 
91979 
239436 
239437 
239438 
91982 
239439 
239440 
91984 
239441 
239442 
239443 
91987 
239444 
239445 
239446 
239447 
239448 
239449 
91994 
239451 
59227 
239452 
239453 
239454 
239455 
239457 
239459 
239460 
239461 
239465 
92009 
239466 
239467 
239468 
59244 
239469 
239470 
92015 
59256 
67451 
92028 
75644 
239485 
239486 
75648 
92038 
67462 
67465 
59274 
59278 
59280 
92049 
75665 
75669 
92059 
59292 
67486 
59295 
75682 
75683 
67493 
92072 
92073 
75694 
67502 
75695 
59313 
75698 
59314 
92085 
67510 
75703 
92090 
83900 
75708 
67516 
59327 
92096 
75712 
67520 
59331 
75717 
92103 
67527 
239561 
239563 
83915 
92109 
75726 
59343 
75730 
59348 
92118 
67543 
83931 
75739 
75742 
92130 
67556 
92133 
59367 
75752 
83948 
239597 
239598 
239599 
92144 
67568 
59378 
92147 
75764 
239607 
92154 
83962 
67582 
75776 
59392 
92162 
67592 
92169 
83978 
59406 
92177 
83992 
67610 
239643 
59419 
239646 
239647 
239648 
239649 
239650 
92194 
239651 
92195 
239652 
239653 
67621 
239654 
239655 
239656 
84008 
239657 
59433 
239658 
239659 
59435 
239660 
239661 
239662 
67631 
239664 
239665 
239666 
239667 
239668 
92212 
239669 
59446 
239671 
239672 
239675 
239676 
92223 
92225 
84033 
67650 
59458 
92227 
84046 
67662 
239696 
59472 
239697 
239698 
239699 
92243 
59475 
239700 
92244 
239701 
239702 
239703 
92256 
92258 
59491 
92260 
59494 
92270 
92278 
59513 
59516 
92286 
92294 
92301 
92303 
92305 
59537 
92317 
59553 
92324 
92328 
84137 
59570 
92340 
84148 
92341 
92343 
92345 
84161 
59585 
92360 
59598 
84175 
92376 
92382 
84191 
59615 
92389 
59623 
92398 
92399 
67823 
59632 
59635 
59636 
59641 
67835 
59643 
92413 
59645 
59646 
67847 
92424 
92428 
59663 
59666 
67860 
92437 
92438 
67867 
67872 
59682 
59683 
59685 
59686 
67879 
59687 
92456 
92457 
59690 
59693 
67892 
2359 
2360 
92473 
92475 
59710 
67904 
59713 
92487 
92490 
67917 
76116 
92503 
59735 
92505 
59738 
59739 
59740 
59741 
76127 
59743 
59745 
92517 
92519 
76143 
59763 
92533 
59765 
92535 
76156 
92549 
59782 
92551 
59783 
59785 
76172 
76174 
76177 
59794 
59797 
76182 
59799 
76184 
59802 
92571 
92578 
59810 
76196 
76197 
59816 
92590 
76208 
92593 
76209 
84409 
59834 
92604 
76220 
59836 
59838 
256449 
256450 
59842 
256451 
256452 
256453 
84421 
256454 
59846 
256455 
256456 
256457 
76233 
256458 
2506 
256459 
92619 
2507 
256460 
59852 
256461 
256462 
59854 
256463 
256464 
84432 
256465 
256466 
256467 
256468 
256469 
92629 
256470 
256471 
256472 
92633 
68059 
84444 
92638 
256480 
256481 
59877 
92646 
84456 
2536 
68073 
2537 
2538 
2540 
2541 
2544 
92657 
2545 
92659 
59891 
2547 
2548 
2549 
2550 
68087 
2551 
2552 
92671 
59906 
92676 
68100 
231945 
92682 
59918 
92692 
92694 
92698 
59932 
68126 
68131 
256550 
92710 
92715 
59948 
92717 
68144 
68146 
84534 
68153 
59963 
256572 
68157 
84546 
59970 
2632 
68169 
2633 
2634 
92747 
2635 
68172 
2636 
2637 
92750 
84558 
2638 
59984 
76370 
2642 
2643 
2644 
256598 
256599 
2647 
256600 
68184 
2648 
256601 
2649 
256602 
92762 
2650 
256603 
68187 
256604 
2652 
92765 
84573 
59997 
2653 
76384 
2657 
68200 
84587 
92780 
76398 
2670 
2671 
2672 
60017 
256631 
256632 
256633 
256634 
256635 
68219 
256636 
92796 
76412 
256637 
256638 
2686 
256639 
256640 
256641 
256642 
256643 
60035 
256644 
256645 
256646 
76426 
68234 
2698 
2699 
92813 
60049 
256661 
256662 
256663 
256664 
256665 
68249 
256666 
92829 
60064 
76449 
76451 
68267 
60080 
92850 
76473 
76477 
92862 
92866 
60101 
76494 
60112 
92885 
76506 
60129 
60137 
92914 
60149 
92924 
76544 
76547 
92936 
60171 
92940 
92954 
76572 
60188 
92958 
76577 
60202 
92973 
92978 
68406 
60216 
92994 
60229 
92998 
68422 
68436 
93016 
68441 
60249 
68446 
68452 
93032 
60265 
68460 
68465 
68470 
60279 
93051 
68478 
68481 
68482 
68484 
60293 
93064 
68489 
68492 
93069 
60304 
68498 
68499 
68501 
93078 
68504 
60318 
68516 
68517 
93094 
68518 
68519 
68521 
68522 
60331 
68532 
93110 
68536 
68537 
60345 
76738 
93125 
68553 
60361 
76753 
60373 
68570 
93148 
76769 
60390 
68583 
60392 
60394 
60396 
76781 
60398 
60401 
76787 
68597 
76794 
60414 
68607 
76800 
60416 
60418 
93187 
60419 
60421 
60424 
76813 
68621 
76818 
76820 
60438 
207896 
60440 
93210 
60443 
207900 
68636 
60445 
76830 
68638 
60447 
60448 
68642 
76836 
68644 
76839 
93228 
76844 
207918 
60463 
68657 
60465 
60466 
76851 
68659 
60467 
60469 
68662 
207927 
60471 
93240 
207931 
76861 
68669 
207934 
207935 
60479 
60482 
60483 
60485 
93255 
60487 
76873 
60489 
207946 
68682 
76876 
68684 
207950 
207951 
68687 
68691 
207960 
76888 
60504 
207963 
76892 
68702 
93279 
68703 
207968 
207970 
68706 
93283 
207974 
68710 
60518 
207980 
85105 
93298 
60530 
207989 
93301 
207991 
93305 
207994 
207997 
207998 
85120 
60544 
93315 
93317 
93323 
85131 
208012 
60556 
265358 
208014 
265359 
68751 
265360 
208016 
265361 
265363 
265364 
208021 
68757 
93334 
85142 
93335 
208024 
93338 
208027 
85148 
68766 
60574 
208033 
208034 
68773 
208042 
60586 
93355 
93358 
93359 
265395 
68788 
208054 
68792 
208058 
60602 
208059 
208060 
265405 
265406 
93379 
68804 
60612 
93382 
208071 
208072 
208073 
68810 
208076 
208078 
208082 
68820 
208085 
93397 
265431 
68824 
208089 
208091 
93404 
93409 
208098 
208099 
208101 
68837 
60645 
93414 
208104 
208106 
93423 
208113 
68849 
208117 
93431 
60663 
68865 
93446 
208136 
208139 
60683 
208140 
68878 
208143 
208148 
208149 
208151 
60696 
93465 
93466 
208155 
208157 
68896 
208165 
60712 
208170 
93482 
208173 
208175 
68913 
60723 
208180 
208185 
208187 
93500 
68925 
208191 
208192 
60739 
208197 
77129 
208202 
208204 
68940 
208206 
208207 
60751 
208208 
93520 
208212 
77140 
208213 
208217 
208218 
208220 
208221 
68957 
208222 
208223 
208224 
77152 
208225 
60769 
208226 
208227 
208228 
208230 
208231 
208232 
208233 
208234 
208235 
60779 
208236 
77164 
68972 
208237 
208238 
208239 
208240 
208241 
208242 
208243 
208244 
208245 
208246 
208247 
208248 
93560 
77176 
208249 
208250 
208251 
60795 
208252 
68988 
208253 
208254 
208255 
208256 
208257 
208258 
68994 
208260 
208261 
208262 
68998 
208264 
93576 
208266 
208267 
60811 
69004 
208270 
208271 
69014 
69017 
60828 
93603 
69027 
69031 
60840 
60843 
93617 
69044 
69045 
60860 
60863 
69056 
69060 
93638 
77256 
77259 
60875 
69068 
60878 
69075 
77271 
77274 
69082 
93659 
60892 
93663 
69087 
60897 
77287 
69096 
93673 
77291 
93676 
69101 
60914 
69109 
93686 
69112 
69113 
93691 
77308 
60926 
93695 
77311 
69123 
69125 
93702 
85511 
93707 
69135 
60943 
93712 
69136 
85523 
77333 
77336 
93724 
69149 
60958 
93729 
93730 
85538 
69162 
69164 
60972 
93742 
85552 
85560 
69188 
93768 
61003 
69200 
69204 
61018 
93787 
69217 
61032 
93803 
61045 
93819 
61053 
61067 
93837 
69269 
61084 
93853 
69282 
61100 
69293 
93873 
61114 
69307 
93888 
61126 
69321 
93905 
61143 
85725 
93921 
85729 
61159 
85743 
93936 
61169 
77565 
61182 
85764 
77578 
61196 
85779 
61210 
77595 
69410 
61223 
69422 
61235 
69437 
61247 
69451 
61259 
61271 
69466 
61276 
77670 
69482 
61290 
61293 
77684 
69496 
85881 
61310 
61313 
77698 
85891 
69515 
85900 
69528 
85913 
77725 
61342 
69537 
61345 
85930 
77739 
69555 
61365 
61367 
69573 
61387 
69585 
61399 
69598 
61413 
69613 
61426 
61440 
61455 
61468 
61482 
61506 
233543 
61519 
233561 
233562 
233563 
233564 
233565 
233566 
233567 
233568 
61536 
233569 
233570 
233571 
233572 
233573 
233574 
233575 
233576 
233577 
233578 
233579 
61548 
233582 
233583 
61563 
61577 
233615 
233619 
233621 
61590 
233635 
233636 
61604 
233637 
233638 
233639 
233640 
233641 
61609 
233642 
233643 
233645 
233646 
233647 
233649 
61620 
233656 
233657 
233658 
61626 
78017 
61641 
61643 
94412 
78029 
61655 
61658 
94431 
61667 
61670 
94439 
78055 
86249 
86258 
78069 
94457 
61690 
61691 
78083 
86277 
61704 
61706 
86292 
78104 
61722 
61725 
94499 
69924 
86309 
78118 
61740 
61741 
94514 
78130 
69938 
78142 
61759 
69953 
61761 
94531 
78151 
69966 
61775 
94545 
61777 
78166 
69980 
94560 
78179 
61797 
61801 
78191 
94577 
61814 
61816 
78204 
94590 
61828 
78216 
61833 
94603 
61844 
61845 
94615 
61861 
94630 
70054 
70067 
61875 
37307 
61886 
70079 
37318 
37321 
61899 
70092 
37330 
37332 
37335 
70105 
61913 
70119 
37352 
61929 
70123 
61940 
37364 
70134 
37366 
70137 
61955 
37380 
70150 
37383 
37385 
70154 
61966 
70166 
37400 
70170 
61979 
37411 
70182 
37414 
70184 
61995 
37427 
37428 
37429 
37433 
70203 
62011 
37439 
37440 
70210 
62023 
70220 
37452 
37454 
37456 
62037 
37462 
70234 
37468 
37470 
62049 
37478 
70248 
37480 
37481 
62063 
86644 
70263 
62076 
37502 
86658 
70278 
37513 
62091 
86670 
70288 
70290 
37524 
94872 
62106 
86684 
70300 
37532 
70302 
37541 
94888 
70312 
86697 
62121 
70314 
37555 
70324 
94905 
62137 
37563 
37564 
37567 
70337 
37570 
37571 
37573 
62150 
94923 
37581 
70351 
37583 
70356 
62165 
70360 
94939 
37595 
62188 
70387 
86772 
70389 
62198 
70392 
37624 
37626 
37627 
37629 
86784 
37632 
37634 
70406 
70409 
62218 
86795 
70413 
37647 
37652 
62230 
86808 
70429 
70431 
70434 
62243 
37667 
86823 
37678 
37681 
70450 
62258 
37683 
95030 
37688 
37690 
62269 
37693 
70471 
95048 
37705 
37708 
62286 
70485 
37718 
70488 
95065 
62300 
37731 
37733 
37734 
70503 
95080 
62313 
37738 
37742 
37743 
70514 
70516 
95099 
62332 
70533 
62353 
70547 
70548 
37780 
37784 
70556 
62366 
95138 
70566 
37800 
70571 
62380 
95159 
62396 
37822 
37823 
37826 
37827 
37830 
37831 
95179 
62414 
37847 
70618 
37850 
62428 
95201 
78819 
70631 
62445 
78831 
62449 
95219 
70645 
37877 
37880 
78845 
62461 
37886 
62465 
37889 
70659 
78856 
87050 
37898 
62478 
70671 
62482 
78867 
37909 
37911 
87064 
37915 
37918 
62495 
70690 
62498 
70692 
87077 
70697 
37929 
62510 
37938 
87091 
62515 
37941 
62520 
87097 
70720 
70723 
62531 
37955 
87108 
70726 
37958 
87120 
62544 
37970 
70743 
87131 
70748 
62556 
37981 
70750 
37984 
95330 
37990 
37992 
87145 
62569 
70764 
70768 
38002 
70772 
95349 
62585 
87162 
70781 
38014 
38017 
38022 
38023 
62600 
95373 
38035 
62614 
62628 
95398 
79017 
62643 
79030 
95415 
62657 
79043 
95438 
79055 
62676 
79064 
62688 
79073 
95459 
62697 
79083 
95472 
79091 
79093 
79095 
62712 
95486 
79103 
79106 
79108 
62726 
62730 
79117 
95502 
79120 
79121 
62744 
79130 
62747 
79132 
79135 
62757 
79144 
79145 
70953 
62761 
79147 
70956 
70965 
62773 
79158 
62775 
70970 
79168 
70978 
70983 
79177 
70990 
62803 
70996 
71007 
62815 
71010 
62824 
95593 
79221 
62837 
95607 
62849 
95622 
79243 
95629 
79248 
95643 
79262 
62881 
62892 
79280 
62904 
62916 
71112 
62930 
71124 
71138 
62947 
71151 
62963 
79353 
95740 
71164 
87550 
62981 
79366 
71178 
95757 
71181 
71182 
87569 
79379 
87573 
62998 
71192 
71194 
71195 
71197 
95774 
79393 
63014 
71208 
87594 
71210 
95787 
71212 
79407 
71225 
71227 
87617 
71236 
71238 
95816 
71241 
63049 
71252 
71254 
71256 
71257 
95837 
63070 
71269 
95856 
71282 
71284 
63092 
95864 
71297 
79491 
63110 
95885 
71309 
71312 
79506 
63125 
79520 
95905 
63149 
79535 
63153 
79551 
63171 
63176 
63189 
112346 
63195 
136930 
71394 
63207 
136939 
63212 
71407 
136949 
63225 
71420 
63229 
136961 
112388 
71434 
136974 
63247 
136983 
71447 
136988 
71460 
136997 
137001 
112426 
71471 
96049 
137010 
137012 
71484 
137023 
63295 
137025 
71497 
137036 
63308 
137038 
71511 
63320 
137056 
63334 
137063 
137065 
137069 
137075 
87924 
71541 
137078 
63351 
137080 
71552 
137090 
87938 
63364 
71565 
71571 
87961 
71580 
63390 
137119 
137122 
137124 
137125 
137128 
87978 
137132 
63406 
137145 
87994 
63418 
251840 
251841 
251842 
251843 
251844 
137156 
251845 
251846 
251847 
137159 
251848 
251849 
137161 
251850 
251851 
137163 
251852 
251853 
137165 
251854 
63438 
251855 
137167 
251856 
79824 
251857 
251858 
251859 
251860 
251861 
251862 
251863 
251864 
251865 
251866 
251867 
79835 
251868 
251869 
137181 
251870 
251871 
251872 
251873 
63457 
251876 
251879 
79847 
137192 
251881 
137194 
137198 
137201 
137203 
63475 
137205 
79862 
71672 
71674 
251900 
251902 
251903 
63490 
79875 
71683 
137220 
71685 
71694 
137232 
71697 
137236 
137237 
137238 
137241 
137243 
71707 
71710 
251939 
251940 
71717 
63527 
96299 
71723 
96301 
96305 
96308 
63540 
251957 
71733 
71734 
63546 
71741 
96318 
63555 
251976 
71753 
251978 
251979 
71756 
96333 
96334 
63566 
71759 
96337 
96339 
96341 
251993 
71769 
71772 
63580 
137309 
71773 
252003 
252004 
252005 
96357 
252006 
252007 
96359 
252008 
71784 
252009 
96361 
252010 
63594 
252011 
137323 
71787 
252012 
96364 
252013 
252014 
71790 
252015 
252016 
252017 
96369 
63606 
71801 
137339 
71804 
260221 
260222 
96382 
260223 
71807 
260224 
260225 
260226 
96386 
63618 
260227 
252035 
260228 
252036 
260229 
252037 
260230 
252038 
137350 
96390 
260231 
252039 
96391 
260232 
252040 
260233 
252041 
96393 
252042 
63631 
260240 
260241 
260242 
137362 
260243 
260244 
96406 
96408 
96411 
63646 
63648 
137377 
96417 
260260 
96420 
63661 
63662 
88239 
137392 
80048 
137401 
63673 
63675 
80062 
88256 
260290 
137412 
260294 
260295 
63688 
63692 
88269 
80078 
137423 
63702 
260311 
260312 
88282 
80090 
63706 
137437 
71901 
260322 
137442 
260323 
80099 
260325 
260326 
88297 
71917 
137456 
260337 
260338 
260339 
260340 
260341 
260342 
260343 
137463 
260344 
260345 
260346 
88314 
71930 
260347 
260348 
71932 
260349 
260350 
260351 
260352 
137472 
112899 
88326 
112903 
71944 
112905 
71945 
260364 
112908 
71948 
137488 
112912 
112914 
88340 
71958 
71959 
137496 
71960 
71970 
112931 
88355 
137508 
71972 
112933 
71975 
112936 
112939 
112944 
137521 
88369 
112946 
112948 
71988 
71989 
137533 
72001 
72003 
112964 
112966 
112968 
137546 
137548 
112973 
137550 
137551 
72015 
112976 
137553 
137555 
112983 
112984 
72028 
137565 
137566 
137568 
137571 
137574 
137576 
113000 
72040 
113004 
113009 
113012 
96630 
113016 
113018 
72061 
137600 
72064 
137602 
137604 
96645 
137606 
137608 
137609 
137615 
137618 
113042 
137621 
72086 
137623 
72087 
137624 
113048 
137625 
113050 
113055 
96672 
137634 
113059 
137636 
113061 
137638 
137639 
113063 
137640 
72105 
72106 
137643 
96688 
137654 
72122 
72124 
113085 
137662 
96702 
113089 
137669 
113093 
113095 
72136 
113098 
72138 
113100 
137678 
113103 
80340 
137685 
72156 
137693 
80356 
137701 
113125 
72168 
113129 
113130 
113133 
137710 
113136 
137715 
113139 
72180 
80377 
137724 
72191 
137732 
80393 
72202 
137742 
113167 
113170 
113172 
113174 
137752 
113178 
113179 
80411 
113181 
137761 
137770 
137781 
137782 
113209 
137789 
113214 
113216 
113218 
113221 
137798 
113224 
113227 
137809 
113238 
113240 
137817 
113245 
137824 
113250 
113253 
113256 
137835 
72306 
113267 
137844 
72310 
113272 
137852 
113277 
80509 
113281 
113285 
72325 
113286 
113287 
137865 
72329 
80523 
72339 
137876 
72341 
113304 
80538 
113307 
137884 
113309 
113311 
113312 
113314 
137893 
113317 
72358 
80552 
72360 
137904 
80563 
137912 
113336 
72376 
72378 
113339 
88763 
137916 
137917 
113341 
137918 
137919 
137920 
113344 
72384 
113347 
113351 
137930 
88778 
137931 
137932 
137933 
72397 
137934 
137935 
72400 
113367 
72408 
137945 
113369 
137946 
88794 
137947 
137948 
113372 
72413 
137950 
113376 
137953 
137957 
72423 
137961 
113385 
137962 
137963 
113388 
137965 
113389 
72429 
137966 
137972 
72436 
137975 
137977 
137978 
72442 
137980 
113404 
137981 
88829 
72448 
113411 
137991 
113415 
137992 
113418 
113419 
88843 
138002 
138003 
138010 
138013 
138017 
138020 
138027 
138029 
97073 
138039 
97088 
138049 
138057 
97099 
138063 
138071 
97112 
72539 
97127 
72555 
72568 
97146 
97156 
72586 
97169 
72596 
97177 
97191 
72616 
72627 
72644 
72657 
72668 
72768 
195650 
195651 
195652 
195653 
89157 
195654 
195655 
195656 
195657 
195658 
195659 
195660 
195661 
72781 
195662 
195663 
195664 
195665 
89169 
195666 
195667 
195668 
195669 
72793 
89179 
80992 
72806 
89191 
81011 
72819 
89204 
89220 
81029 
89234 
81054 
89251 
89262 
81075 
89277 
81095 
72911 
72923 
81118 
72930 
81130 
72944 
81146 
72954 
72969 
81164 
72975 
72983 
72989 
89375 
72992 
73000 
89386 
73005 
73012 
89399 
73018 
73024 
89413 
73032 
89425 
73044 
89440 
73058 
73071 
89456 
81273 
73085 
89472 
81287 
73099 
73102 
81296 
73109 
89496 
81307 
73115 
73120 
73127 
89513 
73131 
81324 
73138 
73144 
89531 
73150 
64960 
64965 
89543 
64969 
89558 
64983 
64986 
64991 
89572 
65006 
89585 
65010 
65016 
89599 
65035 
89615 
65039 
73233 
65041 
89630 
73248 
65060 
65065 
65066 
89643 
73262 
73273 
97851 
73277 
89667 
73284 
73285 
97862 
73294 
73295 
97875 
89683 
73307 
73309 
97889 
89697 
81505 
73321 
73322 
81517 
89712 
73330 
73336 
73338 
73341 
89726 
81535 
89738 
73354 
81549 
73365 
81560 
73377 
89793 
89809 
89832 
89844 
89859 
81677 
89874 
81695 
89890 
81706 
65324 
65327 
65329 
81718 
65344 
81730 
65347 
65350 
73549 
73560 
65368 
65374 
65378 
73576 
65391 
89970 
65396 
73589 
65399 
73592 
73593 
204672 
73605 
89992 
73608 
73610 
73614 
73616 
73618 
57236 
90011 
73627 
90012 
73628 
90014 
73630 
57250 
204707 
90019 
90022 
204713 
73641 
204714 
204715 
90027 
204716 
204717 
204718 
204719 
204720 
73648 
204721 
204722 
204723 
204724 
73652 
57268 
204725 
204726 
204727 
73655 
204728 
204729 
204730 
204731 
90043 
204732 
204733 
204734 
204735 
204736 
57280 
204737 
204738 
90050 
204739 
204740 
204741 
73669 
204742 
204743 
204744 
204745 
90057 
204747 
90059 
204748 
90061 
204750 
90062 
90063 
57295 
90064 
90065 
90080 
90081 
57313 
90096 
90097 
57329 
90098 
90100 
90102 
90104 
90108 
73727 
57343 
)

// ************************************************************************* //
