/*--------------------------------*- C++ -*----------------------------------*\
  =========                 |
  \\      /  F ield         | OpenFOAM: The Open Source CFD Toolbox
   \\    /   O peration     | Website:  https://openfoam.org
    \\  /    A nd           | Version:  dev
     \\/     M anipulation  |
\*---------------------------------------------------------------------------*/
FoamFile
{
    version     2.0;
    format      binary;
    class       cellSet;
    location    "constant/polyMesh/sets";
    object      botiliacadx1;
}
// * * * * * * * * * * * * * * * * * * * * * * * * * * * * * * * * * * * * * //


2569
(
131074 
131091 
80 
254036 
254047 
254050 
254051 
254052 
254053 
254054 
254055 
110 
111 
123099 
32990 
32995 
123108 
123117 
33007 
24821 
33018 
123132 
254 
255 
256 
257 
258 
24835 
259 
260 
261 
33032 
123147 
24850 
33051 
24864 
33063 
24875 
33076 
123190 
320 
321 
33093 
123210 
41290 
33106 
41305 
123227 
41321 
123246 
41335 
41351 
24990 
33184 
33194 
25007 
33206 
25023 
33219 
25037 
33233 
25051 
197093 
197109 
197110 
197111 
197112 
197113 
197114 
197115 
197116 
197117 
197118 
197119 
197120 
197121 
197122 
197123 
197124 
197125 
197126 
197127 
197128 
197129 
8725 
8735 
8748 
41531 
25152 
41539 
25163 
41548 
8789 
197207 
41559 
197208 
197209 
25177 
197210 
197212 
197213 
197214 
197215 
197216 
197217 
197218 
197219 
197220 
41572 
197221 
197222 
8806 
197223 
25191 
197224 
197225 
197226 
197227 
197228 
197229 
197230 
197231 
197233 
197235 
197236 
25204 
197237 
197238 
197239 
197240 
197241 
197242 
197243 
197244 
197245 
197246 
197247 
197248 
197249 
197250 
33418 
25226 
25229 
25239 
33434 
25244 
33449 
25257 
25261 
33462 
25271 
25275 
33476 
25288 
25291 
246479 
723 
724 
725 
726 
727 
728 
729 
732 
733 
197342 
734 
197343 
735 
197344 
736 
197345 
737 
738 
197347 
739 
197348 
740 
197349 
741 
197350 
742 
197351 
743 
197352 
744 
197353 
745 
197354 
197355 
197356 
197357 
197358 
197359 
197360 
197361 
197362 
197363 
755 
197364 
756 
197365 
757 
197366 
758 
197367 
197368 
760 
197369 
761 
197370 
762 
197371 
763 
197372 
764 
197373 
765 
766 
197375 
767 
197376 
768 
197377 
769 
197378 
770 
197379 
771 
197380 
772 
197381 
773 
197382 
197383 
197384 
197385 
197386 
197387 
197388 
197389 
197390 
197391 
197392 
197393 
197394 
197395 
197396 
197397 
197398 
197399 
197400 
197401 
197402 
197403 
197404 
197405 
197406 
131906 
131908 
131920 
131923 
131928 
41821 
131940 
41832 
131945 
131948 
41844 
131958 
131963 
41853 
131966 
131975 
131982 
131990 
131992 
41884 
33772 
33785 
33802 
41998 
33818 
42017 
33830 
42033 
132148 
33850 
42046 
132164 
123978 
33867 
42062 
132177 
132181 
33881 
123997 
42082 
132196 
132198 
140394 
33898 
42097 
124021 
140406 
132218 
132219 
33915 
140420 
42116 
124039 
140426 
132237 
132239 
42130 
140439 
124058 
140449 
140451 
42147 
140461 
140462 
140472 
140474 
140483 
140485 
140494 
34000 
140497 
115927 
140509 
115941 
140523 
115947 
140532 
42233 
115963 
140543 
42245 
140552 
132366 
115982 
140563 
42259 
132380 
140574 
42274 
140585 
140596 
140606 
116086 
140666 
140668 
140671 
140673 
140675 
140678 
116102 
140695 
140697 
116121 
140699 
140701 
140703 
140705 
140716 
140717 
34221 
140718 
116142 
140719 
140720 
140721 
34229 
140730 
140731 
140733 
140734 
116159 
34239 
140736 
140737 
140745 
140746 
140747 
34252 
140750 
140754 
140755 
34266 
140764 
140765 
140767 
140770 
140773 
140774 
140775 
34282 
140783 
140785 
140786 
140787 
140789 
140790 
140792 
34296 
140801 
140802 
140804 
140806 
140807 
34311 
140809 
140813 
132624 
132627 
1555 
140820 
1556 
34325 
1557 
1558 
140823 
1559 
140824 
1560 
1561 
1562 
140827 
1563 
140828 
1564 
1565 
1566 
140831 
132639 
1567 
1568 
140833 
1569 
132642 
1570 
1571 
1572 
34342 
140840 
140843 
132652 
140845 
140847 
140848 
140849 
132657 
140851 
132662 
140855 
140859 
132668 
124476 
140863 
124480 
140866 
132676 
140872 
132680 
140873 
124496 
140882 
140883 
124507 
140892 
140893 
140902 
140909 
124525 
140916 
140923 
140933 
116384 
34472 
116400 
34486 
116415 
214722 
140994 
34499 
141001 
141002 
42699 
141004 
214733 
141006 
42702 
141007 
116431 
34512 
141010 
42706 
141012 
42708 
42709 
42711 
214747 
141019 
34524 
116446 
42724 
34532 
141029 
42725 
141030 
116454 
42727 
141033 
42730 
141035 
42731 
116461 
42733 
141038 
34544 
141041 
214770 
141043 
141052 
34558 
42752 
214785 
116481 
42758 
141063 
141064 
42760 
214793 
42761 
214794 
141066 
42763 
141068 
42765 
34573 
141070 
141072 
141073 
116499 
214809 
214810 
141082 
214811 
42780 
116510 
34591 
42785 
42786 
42787 
214820 
141092 
42789 
141094 
141095 
42791 
141097 
141099 
141101 
141104 
1843 
42806 
1846 
34616 
214842 
214844 
141116 
214846 
42814 
42819 
141126 
34630 
141127 
42823 
141129 
141132 
214862 
214864 
141136 
214867 
34643 
214868 
141140 
141142 
214880 
34660 
141165 
141166 
214897 
141169 
214901 
34677 
141179 
141183 
214912 
190337 
141185 
214918 
214929 
141206 
141208 
214940 
141212 
214941 
214945 
214946 
141226 
214955 
141230 
141231 
214960 
141239 
214968 
141242 
214971 
141244 
141256 
141258 
141265 
214994 
214995 
141267 
214996 
214997 
214998 
214999 
34775 
215000 
215001 
215002 
215003 
215004 
215005 
141278 
141281 
215013 
215014 
215015 
215016 
34792 
215017 
215018 
215019 
141291 
215020 
141292 
215026 
215028 
141302 
141303 
34807 
141314 
141317 
34824 
215051 
215054 
141326 
215055 
141328 
26640 
215064 
141339 
215068 
141340 
34845 
26653 
190494 
190496 
190502 
141351 
215080 
141355 
215085 
26671 
141364 
26680 
141370 
2113 
2114 
2115 
141380 
2116 
2117 
26694 
2118 
215111 
264265 
264266 
264267 
2123 
264268 
215116 
2124 
215117 
2125 
215118 
2126 
215119 
2127 
215120 
141392 
2128 
215121 
2129 
215122 
2130 
2131 
264276 
2132 
264277 
264278 
215126 
264279 
264280 
264281 
2137 
264282 
141402 
2138 
264283 
2139 
2140 
2141 
215138 
141411 
264292 
264293 
215142 
264295 
215145 
141419 
215152 
215156 
215159 
215160 
141432 
215163 
141435 
141437 
141438 
215169 
141441 
43137 
215170 
141443 
215175 
141452 
141454 
141456 
43152 
141458 
215187 
215188 
215189 
141461 
215190 
141462 
215191 
215192 
215193 
215194 
215195 
215196 
215197 
215198 
43166 
141472 
141473 
141474 
26786 
141475 
141476 
141478 
215207 
43178 
215211 
133293 
141488 
215218 
141491 
26804 
141493 
141494 
43191 
141498 
141500 
133309 
141508 
264389 
26821 
141510 
43206 
264391 
141512 
264394 
264395 
141515 
133325 
141518 
141519 
43219 
26836 
133337 
133345 
43236 
43244 
26860 
43260 
198946 
198949 
198954 
198957 
198961 
198963 
198966 
198967 
198975 
125247 
198977 
198979 
198982 
215367 
215368 
215369 
215370 
215371 
198987 
215372 
215373 
215374 
215375 
215376 
215377 
215378 
198999 
199002 
215389 
215390 
199008 
215395 
215400 
215404 
215405 
215409 
215414 
215417 
215425 
215427 
215429 
215430 
215450 
215452 
248221 
215461 
215464 
215469 
215470 
215471 
215472 
215473 
215474 
215475 
215476 
215477 
215478 
215479 
215480 
215481 
215482 
215492 
215494 
215497 
215501 
215502 
215508 
215509 
215518 
215519 
215523 
215524 
215525 
215529 
215530 
215533 
215536 
215537 
215538 
215539 
215540 
215541 
215542 
125430 
35318 
215543 
215544 
215545 
215546 
215547 
215548 
215549 
215550 
215551 
215552 
215556 
215557 
215559 
35336 
125449 
215562 
215566 
215567 
215568 
215572 
215573 
35350 
215575 
215576 
215577 
125466 
215579 
215580 
215585 
215586 
215589 
215593 
35369 
125482 
215595 
215596 
215598 
215604 
215606 
35382 
215612 
35391 
215616 
43586 
125515 
35407 
215633 
43602 
215636 
215644 
215645 
35422 
215648 
215649 
215654 
43623 
232040 
232041 
215659 
232044 
35436 
232045 
215666 
215671 
43641 
215674 
215678 
35454 
215680 
215681 
215689 
215690 
215691 
215692 
215693 
215694 
215696 
215699 
215700 
215701 
215702 
215706 
215707 
215716 
215717 
215722 
215724 
215731 
215737 
215739 
215740 
215746 
215751 
109262 
232145 
232146 
232147 
248533 
232149 
232150 
232151 
232152 
232153 
109275 
232159 
232160 
232161 
109281 
232163 
232167 
232168 
109289 
232170 
232176 
109301 
232235 
232237 
232238 
232243 
232244 
232246 
2878 
2901 
2904 
2905 
2910 
2914 
35694 
2927 
27504 
2930 
2931 
2932 
2933 
2934 
2935 
2936 
35708 
27519 
43904 
35721 
27531 
35729 
35733 
191383 
191387 
43933 
43951 
43964 
43975 
248789 
248790 
248791 
248792 
43992 
44006 
248819 
44020 
125942 
44034 
248842 
248843 
248844 
248845 
44051 
248859 
248860 
248861 
248863 
248864 
248866 
248867 
248868 
248869 
248870 
248871 
248872 
248873 
248874 
248875 
248877 
248878 
27694 
248879 
248880 
248881 
248888 
248889 
27716 
27731 
27747 
27762 
249021 
36037 
249030 
249032 
249033 
249034 
249035 
249036 
249037 
249038 
249039 
249040 
249041 
36050 
36065 
36070 
36083 
109831 
109844 
109860 
109874 
109886 
36162 
36175 
109904 
36189 
109921 
36202 
109939 
36217 
109959 
109963 
36235 
44431 
36244 
44448 
3494 
44470 
3512 
36281 
28097 
44485 
3530 
28109 
36302 
44501 
28122 
3551 
36324 
28136 
3565 
28150 
28168 
28183 
28197 
44590 
28212 
28222 
44612 
36430 
28240 
44625 
28242 
28244 
28246 
28249 
44636 
36444 
28253 
28265 
28266 
44651 
36459 
28271 
28274 
28279 
28281 
36474 
28291 
36487 
28295 
28297 
28301 
28303 
28304 
28316 
28319 
28321 
28324 
28326 
28327 
134827 
134829 
28341 
28342 
28344 
134841 
28347 
134844 
28350 
28354 
134854 
134857 
134868 
134871 
3803 
3810 
3823 
134902 
134907 
3837 
134924 
134925 
3854 
134941 
134942 
134956 
134958 
134971 
134974 
134984 
134987 
135000 
135013 
135026 
135037 
135065 
135085 
135089 
135105 
135109 
135121 
135125 
135138 
135141 
135152 
135154 
36860 
36875 
36888 
127003 
36903 
36916 
45136 
266330 
266331 
45148 
266339 
45159 
135283 
135284 
135286 
45175 
135301 
135303 
135306 
118925 
135319 
45210 
135323 
118940 
135326 
37027 
45226 
135341 
118957 
135343 
37039 
135347 
135357 
45245 
37053 
118974 
266432 
135361 
135364 
37068 
45261 
118992 
135381 
135384 
135386 
37082 
45275 
135388 
135391 
135392 
135395 
135396 
135398 
258280 
135400 
258281 
135401 
135402 
135407 
135410 
135412 
135414 
135417 
135418 
135423 
135426 
135427 
135430 
135432 
135435 
258319 
4367 
258320 
135445 
135447 
135452 
4380 
135453 
135456 
258338 
135458 
258339 
258340 
258342 
258344 
258345 
258346 
258347 
258348 
4396 
258349 
135474 
258363 
4411 
258364 
258365 
135485 
135494 
4425 
135504 
135516 
135531 
135545 
135557 
135566 
135572 
135588 
135590 
127398 
258471 
258472 
127400 
135603 
258485 
258486 
135606 
127414 
258487 
127415 
258488 
29123 
135620 
135622 
127431 
242120 
127432 
242121 
242122 
135633 
29139 
135636 
127449 
127451 
135649 
29153 
135651 
127467 
111086 
127471 
29167 
119282 
135667 
135671 
127482 
127484 
29180 
127487 
135681 
127491 
119299 
111108 
135685 
127497 
127501 
135697 
135700 
119317 
111126 
127516 
242206 
135710 
242207 
127519 
135712 
127521 
127523 
127524 
127526 
119335 
111144 
135724 
135727 
242226 
242227 
242228 
242229 
127541 
119349 
242231 
135735 
242232 
242233 
242234 
242235 
242236 
242237 
127549 
111165 
242238 
127550 
242239 
127552 
242241 
242242 
242243 
242244 
242245 
127557 
242246 
135750 
127558 
242248 
242249 
242250 
4686 
111183 
242256 
242257 
242258 
242260 
242261 
127574 
29270 
135767 
127577 
127579 
127581 
4701 
111199 
127584 
127586 
135780 
29284 
4715 
127598 
127600 
111216 
135795 
127605 
29303 
127608 
127610 
4730 
127612 
111234 
135814 
29319 
4743 
37518 
111248 
29333 
135831 
37528 
135842 
37540 
45734 
135856 
37552 
21169 
21171 
21172 
21175 
45752 
21177 
21179 
37565 
135870 
127681 
127684 
127687 
45769 
21193 
21195 
135885 
21198 
21202 
21203 
21205 
45783 
135896 
111321 
127706 
127709 
135904 
111330 
45796 
21221 
127719 
21225 
135915 
21227 
21230 
21231 
21232 
127731 
135927 
127735 
242427 
127740 
21245 
21246 
21249 
242434 
21251 
21253 
242439 
21255 
242440 
242444 
242445 
242446 
127758 
242447 
242448 
242449 
242450 
242451 
127763 
242452 
242453 
242454 
127767 
21271 
21273 
21274 
242459 
242460 
242461 
21278 
127775 
242464 
21280 
127780 
21284 
127783 
45866 
127788 
127789 
127793 
127794 
127801 
4921 
127804 
45884 
127806 
127808 
127810 
4937 
45899 
127822 
127830 
4950 
136027 
45918 
127840 
127844 
136038 
4966 
45932 
127855 
127860 
136053 
127862 
4983 
127866 
127868 
136067 
45955 
127880 
5000 
127882 
45965 
5008 
136082 
127891 
127892 
5022 
127905 
127907 
45987 
127909 
127911 
127914 
5038 
127927 
46007 
127930 
37819 
5051 
127942 
46022 
127946 
37835 
127963 
37852 
127966 
127967 
127969 
127972 
37864 
136179 
37878 
136187 
127997 
136200 
136203 
136217 
136219 
128040 
136233 
128042 
136235 
128045 
128047 
136248 
136250 
29759 
136261 
128069 
136263 
234569 
234570 
234571 
234572 
234573 
29774 
136272 
128082 
136276 
128085 
128089 
128091 
29788 
128093 
128094 
136287 
128095 
136291 
29801 
128111 
136304 
136308 
29814 
128125 
128128 
128130 
136324 
5253 
136326 
128134 
128136 
128137 
128138 
136340 
5269 
136345 
128154 
5284 
128165 
136358 
136360 
128169 
128172 
128175 
128176 
128177 
5298 
136372 
128180 
136375 
5311 
128192 
136387 
128195 
136389 
128197 
128206 
128207 
136400 
136401 
128210 
128211 
128213 
128216 
128218 
128220 
136414 
128222 
128228 
136423 
128231 
128232 
128235 
128237 
128239 
234736 
136432 
128240 
234737 
128241 
234738 
128242 
136435 
234742 
234743 
234744 
234745 
234746 
234747 
234749 
136446 
128255 
136448 
128258 
234755 
128261 
128263 
128264 
128265 
136458 
128266 
136460 
128268 
234767 
234768 
234769 
234770 
234771 
234774 
136470 
234775 
128279 
234776 
136472 
128280 
234777 
128281 
234778 
128282 
234779 
234780 
128284 
234781 
234783 
234784 
128288 
234785 
234786 
234787 
136483 
128291 
136485 
128293 
234791 
128295 
136488 
234793 
234796 
136492 
234797 
136493 
234798 
234799 
136495 
234800 
128304 
128308 
128310 
136503 
128312 
136505 
234810 
128314 
128315 
136508 
128316 
234813 
234814 
234815 
136512 
136513 
136514 
128327 
128330 
128331 
136524 
136525 
128333 
128334 
136528 
136529 
128337 
136530 
38227 
136532 
128340 
38231 
128344 
38233 
38235 
136542 
38238 
136544 
136545 
38241 
136547 
136550 
136552 
128362 
38260 
136565 
38261 
136567 
38264 
136569 
38266 
136572 
128381 
38269 
136574 
136576 
128385 
38274 
128389 
120201 
136587 
136591 
120213 
46490 
136604 
136606 
38304 
38309 
128423 
120232 
46504 
38313 
128428 
38316 
136621 
136623 
128432 
38320 
38322 
120248 
46522 
136637 
38333 
128446 
136641 
128449 
38337 
128450 
38339 
38341 
38344 
120265 
38346 
193996 
46540 
128468 
128470 
128472 
46553 
128476 
136672 
234978 
128482 
136680 
128490 
234992 
128496 
234993 
234994 
128498 
234995 
38388 
234998 
136696 
235001 
136697 
128505 
235004 
128508 
235005 
235006 
235007 
128511 
235008 
235009 
38403 
136709 
136710 
128518 
235015 
235016 
235017 
235018 
235019 
128523 
128524 
136721 
38418 
136723 
128533 
128537 
128540 
136734 
38430 
136736 
128548 
38443 
136749 
136752 
128563 
136760 
128568 
136764 
30269 
128574 
136771 
38471 
136776 
30280 
128586 
128590 
30290 
136789 
136792 
38488 
128603 
128607 
30303 
38499 
5737 
128618 
136811 
136812 
30316 
128622 
38514 
22131 
267896 
5752 
128634 
136828 
128637 
30333 
136832 
267905 
22146 
267909 
267910 
5767 
30345 
128651 
22161 
5780 
136853 
128663 
30361 
22177 
5794 
128675 
136871 
30375 
128685 
5808 
22193 
30386 
136887 
128697 
5821 
136902 
128711 
5833 
128714 
267983 
136914 
128726 
5847 
128729 
128737 
22242 
128740 
128741 
5862 
38634 
128752 
128753 
22257 
128756 
38648 
128766 
128767 
128771 
22275 
38661 
128779 
128787 
38675 
128789 
128794 
38687 
128800 
128801 
128802 
128803 
128815 
104240 
128817 
128818 
128820 
104251 
128832 
128833 
128834 
128835 
104264 
128846 
128848 
128849 
128850 
128862 
194399 
128864 
128865 
194403 
128877 
46957 
128886 
128891 
46975 
128900 
128905 
128919 
47005 
128934 
128936 
47022 
128951 
128952 
128953 
128955 
47038 
128959 
128960 
128962 
128964 
128967 
128975 
128980 
120788 
128981 
128982 
128983 
128984 
128985 
128987 
120803 
129000 
129001 
129002 
129004 
129007 
129010 
129013 
120822 
129016 
129021 
129022 
129026 
120835 
129031 
129034 
129036 
129039 
129041 
129042 
129043 
120854 
129056 
129057 
129059 
129061 
129062 
6183 
129064 
6197 
129079 
22583 
129084 
6204 
22592 
129091 
6214 
129098 
22607 
6227 
129109 
22620 
129123 
129127 
22631 
129131 
39022 
129145 
39034 
129148 
129150 
39049 
129162 
129165 
129168 
39064 
129181 
129187 
129189 
129200 
129204 
129208 
30906 
129220 
30918 
129224 
129226 
129234 
30930 
129238 
129240 
30945 
30948 
30962 
129268 
129271 
129272 
30971 
129284 
129285 
129286 
30983 
39179 
129299 
30995 
129300 
129302 
39193 
31008 
129314 
129315 
129317 
39207 
129320 
129321 
39218 
129332 
129334 
129337 
129341 
39229 
129345 
129350 
129354 
129357 
129360 
129363 
39255 
129368 
129369 
129375 
129378 
129383 
39271 
129385 
129387 
129395 
39284 
129398 
129400 
39303 
22921 
129422 
39310 
22926 
22934 
129433 
22944 
129448 
22958 
129462 
129477 
195021 
195026 
195030 
129497 
129499 
129502 
129503 
195044 
129508 
129509 
195048 
195051 
129523 
129524 
129526 
195063 
195067 
129531 
129532 
195070 
129535 
129547 
129551 
129552 
129557 
195096 
129560 
129562 
195101 
195102 
31267 
129573 
129576 
129577 
129582 
31280 
129586 
129589 
195128 
195140 
31304 
39500 
31317 
39517 
31333 
195182 
39534 
31347 
39550 
31360 
105090 
23172 
39565 
31376 
105106 
23186 
31389 
39583 
105120 
23202 
31402 
39596 
105136 
23218 
39609 
31421 
105150 
23233 
39618 
31436 
39631 
23252 
31449 
129767 
23274 
23278 
129781 
31477 
23295 
129795 
31493 
23308 
129809 
129821 
121720 
121736 
121744 
121757 
121773 
129995 
130007 
130008 
130010 
23515 
130012 
39908 
130022 
130023 
130026 
23530 
130028 
130039 
130040 
39928 
23545 
130044 
130048 
7172 
7173 
39943 
130056 
7176 
23561 
7180 
130061 
31758 
130063 
7185 
130066 
39957 
7189 
23575 
130074 
31771 
130079 
7199 
130082 
7203 
130085 
39973 
7205 
7207 
7208 
130090 
31786 
7210 
130100 
7222 
130105 
7229 
7230 
7232 
31809 
7233 
130114 
7234 
187460 
187461 
31825 
7249 
7251 
7253 
7256 
7258 
7261 
31840 
7272 
7274 
7277 
7278 
31855 
7282 
7284 
31869 
130174 
130177 
31882 
130188 
130189 
31895 
130200 
130202 
130211 
130214 
31910 
187563 
130225 
130226 
31924 
31938 
31951 
130339 
32038 
130347 
32055 
130361 
130363 
32070 
130382 
130384 
32082 
130402 
32098 
130405 
40293 
130421 
40312 
130427 
40325 
40332 
40346 
23974 
23988 
24002 
24017 
24028 
130562 
130565 
130577 
130580 
32277 
32280 
32284 
32286 
130591 
32287 
130592 
32288 
114213 
130606 
32303 
130608 
32304 
114226 
32306 
32307 
32310 
130618 
114235 
130622 
32319 
261705 
114251 
32333 
261711 
261712 
32336 
261713 
32337 
261715 
261716 
261717 
32341 
261718 
32342 
261719 
114264 
32346 
261728 
261729 
261731 
32357 
32359 
32362 
32364 
32368 
32369 
32381 
32382 
32385 
32387 
32391 
24199 
32393 
24214 
32415 
24228 
32433 
24245 
32447 
114369 
24257 
130757 
261837 
114386 
130771 
32467 
114399 
130787 
106211 
32485 
114407 
130797 
106227 
114420 
130810 
32506 
106243 
32521 
106258 
32533 
40733 
32545 
106277 
40749 
32559 
122678 
32573 
40767 
122695 
32587 
40789 
188246 
32601 
122716 
130916 
114533 
130919 
122733 
32621 
130933 
130934 
114550 
40825 
32634 
122749 
130949 
130952 
114568 
130957 
122765 
114575 
40850 
130963 
253855 
130975 
122783 
40863 
130978 
114594 
253863 
253864 
253865 
253866 
253867 
253869 
253870 
253871 
253872 
253873 
40881 
253874 
253875 
253876 
253877 
253878 
122806 
253879 
253880 
253881 
40894 
253891 
253892 
253896 
253897 
253898 
122827 
131035 
122844 
131048 
131059 
)

// ************************************************************************* //
