/*--------------------------------*- C++ -*----------------------------------*\
  =========                 |
  \\      /  F ield         | OpenFOAM: The Open Source CFD Toolbox
   \\    /   O peration     | Website:  https://openfoam.org
    \\  /    A nd           | Version:  dev
     \\/     M anipulation  |
\*---------------------------------------------------------------------------*/
FoamFile
{
    version     2.0;
    format      binary;
    class       cellSet;
    location    "constant/polyMesh/sets";
    object      botiliacaintdx4;
}
// * * * * * * * * * * * * * * * * * * * * * * * * * * * * * * * * * * * * * //


2297
(
32777 
40970 
32780 
32784 
40992 
32805 
41005 
32818 
32831 
41031 
254027 
254032 
254033 
32849 
254034 
41051 
32870 
41067 
108 
41085 
32894 
41098 
32911 
41117 
32931 
41133 
32952 
41147 
196804 
196805 
196806 
196807 
196808 
32968 
196809 
196810 
196811 
196812 
196813 
196814 
196815 
41168 
41170 
41173 
196822 
196833 
196845 
41201 
41204 
41205 
196855 
251 
41223 
41226 
41229 
41245 
41247 
41249 
41266 
41269 
41271 
324 
98653 
98662 
33127 
98669 
367 
368 
369 
370 
221558 
33145 
98684 
57728 
57732 
33162 
33166 
41364 
33173 
57754 
221596 
41379 
41393 
57787 
57791 
41410 
57796 
57799 
41425 
8659 
221656 
57820 
8669 
57822 
57823 
41439 
57825 
33249 
57828 
41444 
33252 
8682 
41455 
33266 
41460 
33269 
8695 
41473 
8706 
33284 
41477 
33288 
57867 
57869 
57871 
57873 
41491 
33299 
221716 
41494 
33303 
131612 
57884 
57887 
57891 
41508 
57894 
57895 
41511 
33320 
33322 
131627 
33335 
57913 
131643 
57917 
57921 
131650 
57923 
33349 
131659 
57938 
57940 
57941 
57944 
33368 
57946 
33383 
41587 
8824 
57980 
57983 
41599 
57986 
57989 
8839 
41614 
58000 
58003 
8853 
58006 
58010 
41626 
58014 
221862 
41639 
8871 
107180 
8887 
41659 
107198 
58048 
58050 
58052 
58055 
41674 
107214 
33494 
730 
41691 
33499 
731 
107229 
25312 
221921 
25322 
746 
747 
748 
749 
750 
41715 
25333 
107256 
25347 
41734 
33549 
33552 
41745 
41748 
25364 
41751 
8990 
41759 
33567 
41760 
33568 
41763 
9006 
41775 
41776 
33584 
41778 
33587 
9020 
41790 
41793 
33602 
41795 
33604 
9035 
41804 
41806 
41810 
17234 
33622 
9048 
33639 
9065 
33653 
25462 
9078 
33667 
58245 
25477 
9093 
58247 
25485 
33678 
9102 
58262 
25495 
58265 
9116 
33697 
25511 
33712 
41909 
25528 
33726 
58305 
25541 
58311 
41927 
33738 
25555 
41944 
25571 
41961 
58348 
58349 
25586 
41977 
58394 
222236 
222237 
58401 
58440 
58456 
58458 
58460 
58464 
58466 
58467 
66673 
58487 
58508 
58512 
58515 
58516 
58517 
58520 
9374 
9386 
58542 
42168 
9400 
58554 
58558 
58559 
58562 
58564 
42182 
9414 
58567 
42194 
9429 
58582 
34014 
42207 
42218 
58606 
58607 
58608 
58610 
58613 
58617 
34042 
34057 
58636 
34068 
58649 
58651 
58652 
58654 
58655 
34081 
58658 
25897 
34098 
25912 
42304 
34115 
25929 
42317 
25940 
34136 
42333 
17759 
25953 
34154 
42351 
25972 
34169 
42370 
25986 
42380 
25998 
34191 
34196 
26009 
34202 
42397 
34207 
34213 
26022 
42412 
42432 
42447 
42465 
42476 
58873 
42489 
26107 
58884 
58886 
42505 
26122 
58892 
58894 
108048 
58896 
58898 
42516 
26135 
108060 
58911 
42530 
42531 
26148 
42533 
108072 
58926 
58927 
58929 
206386 
26162 
42547 
58932 
42548 
42554 
108091 
58944 
58946 
42566 
108105 
42570 
42573 
34384 
58963 
42585 
132699 
42587 
42591 
58977 
58978 
58981 
34405 
58984 
58985 
132714 
42604 
58989 
42608 
26224 
42610 
34420 
132730 
59002 
26235 
42628 
132742 
34438 
59015 
59018 
26250 
59021 
59024 
59026 
132755 
42644 
59029 
26262 
34455 
26273 
59043 
42660 
59055 
42671 
59058 
59064 
59068 
42684 
59071 
59074 
26352 
26363 
26378 
100119 
26391 
100121 
100124 
100125 
100128 
100132 
26408 
100142 
100146 
100147 
100148 
100151 
100154 
100165 
100168 
100169 
100172 
100175 
100178 
1880 
1881 
1882 
1883 
1884 
1885 
1886 
100191 
100193 
100194 
42850 
100198 
100201 
100202 
42867 
100215 
100217 
100219 
100222 
100223 
100225 
42886 
34694 
34703 
34716 
34735 
42928 
42941 
34754 
26570 
42958 
26582 
215007 
215009 
42978 
26596 
215021 
215022 
42991 
26608 
215034 
231420 
231421 
43005 
26621 
231423 
231424 
215052 
215059 
43031 
215075 
215076 
43055 
215090 
215093 
215095 
43064 
264250 
215098 
215104 
215107 
215108 
215112 
43085 
26712 
215130 
43098 
215132 
215133 
215137 
215141 
26727 
100459 
264300 
215148 
215149 
43118 
215151 
26740 
215158 
223351 
215161 
223354 
215166 
215167 
215168 
100480 
215171 
26755 
215172 
215178 
215180 
34959 
100496 
26769 
215186 
215199 
215200 
100512 
34976 
215209 
215210 
215217 
215219 
34995 
100532 
215221 
215222 
215227 
35008 
35020 
35036 
35063 
26879 
35078 
43277 
26894 
35092 
43290 
26910 
35109 
43302 
26921 
43317 
26936 
35129 
43330 
215365 
35147 
43343 
215380 
215381 
215385 
215387 
43356 
35165 
215393 
215394 
215398 
215399 
43369 
215407 
35184 
215413 
215416 
43384 
59770 
215419 
100731 
2428 
215421 
2429 
100734 
35201 
43396 
2436 
215431 
215433 
215434 
215439 
43407 
215440 
215442 
215444 
215446 
59800 
215449 
215451 
215453 
100767 
43423 
35232 
100770 
215459 
59811 
215462 
215467 
43440 
35249 
100788 
59832 
100793 
215484 
43453 
215486 
35263 
215488 
215489 
215491 
215493 
215495 
100807 
100810 
215499 
43469 
215503 
215505 
59858 
35282 
215507 
100821 
215511 
215512 
100825 
215514 
215517 
43488 
35296 
215521 
215522 
43490 
215526 
215527 
215528 
215532 
215534 
43502 
215535 
43505 
231925 
215553 
215554 
215555 
43523 
215558 
215560 
43528 
215563 
215564 
215569 
215570 
215571 
215574 
43544 
215578 
215581 
215582 
43550 
215583 
215584 
215587 
215588 
215590 
215592 
215594 
43565 
215599 
215600 
215601 
215602 
215603 
43573 
215607 
215608 
215609 
215610 
215611 
215613 
215614 
215615 
215617 
215618 
215619 
215620 
182865 
215635 
215637 
215638 
182870 
215639 
215640 
215641 
182876 
215646 
182881 
215650 
215651 
215652 
215653 
182886 
215655 
215656 
215657 
215658 
215660 
182892 
215661 
215662 
215663 
215664 
182896 
215667 
215668 
215669 
215670 
215672 
215673 
215675 
182907 
215676 
215677 
215679 
182913 
215682 
215684 
215685 
215686 
215687 
215688 
182922 
60047 
35475 
182933 
35478 
215703 
182935 
215704 
215705 
182937 
215708 
215709 
43677 
215710 
215711 
60063 
182944 
215713 
215714 
215715 
182947 
215718 
182950 
232103 
215719 
215720 
215721 
43689 
232106 
35498 
232107 
215723 
182955 
35499 
232108 
232109 
215725 
27309 
232110 
215726 
182958 
215727 
215728 
215729 
182962 
60082 
232115 
232116 
215732 
232117 
215733 
232118 
215734 
101046 
232119 
215735 
182967 
232120 
215736 
43704 
232121 
35513 
232122 
215738 
182971 
35516 
27324 
215741 
182973 
232126 
215742 
60094 
232127 
215743 
215744 
43712 
215745 
232130 
182978 
232131 
215747 
232132 
215748 
215749 
101061 
232134 
215750 
215752 
215753 
27337 
215754 
215755 
215756 
215757 
43725 
35533 
215758 
60110 
35534 
182992 
101073 
27352 
183002 
43740 
183007 
101087 
35552 
43746 
183011 
232164 
101092 
232165 
232166 
183018 
43758 
232177 
35569 
232178 
232179 
183027 
232180 
27382 
43772 
232189 
183037 
35584 
183042 
35588 
183046 
43784 
183051 
35595 
183058 
183060 
35605 
183065 
183066 
35610 
43803 
183071 
232224 
183072 
35616 
232228 
232229 
232230 
183078 
232231 
183079 
232232 
183086 
43822 
232240 
232241 
35633 
232242 
183092 
35637 
35638 
183096 
183101 
43840 
183107 
35652 
35653 
35657 
183116 
183118 
183121 
43858 
183125 
35669 
183126 
101207 
183128 
35674 
183133 
183135 
35679 
183137 
183145 
183146 
183147 
2923 
2924 
2925 
43886 
2940 
2944 
2945 
2946 
2951 
2952 
232339 
27539 
27545 
2973 
2974 
35746 
27558 
35757 
27578 
35771 
35784 
27594 
35796 
248799 
248801 
248802 
248803 
248805 
35813 
35816 
35820 
248813 
248814 
248815 
248816 
93168 
248817 
248818 
248821 
248822 
248823 
248824 
248825 
248826 
248827 
35835 
248828 
248829 
248830 
248831 
35839 
35842 
248841 
35855 
35859 
35864 
35876 
35879 
248876 
35885 
44079 
248890 
248891 
248892 
248893 
248901 
248902 
44105 
44124 
35934 
44139 
35958 
68727 
35960 
44156 
35974 
240776 
35976 
44181 
35992 
35993 
44193 
36004 
36007 
249010 
44211 
36019 
36021 
249014 
249015 
249016 
249017 
249018 
44228 
101580 
101582 
101584 
101587 
44244 
101590 
101593 
101612 
101614 
101618 
101621 
101622 
101625 
44286 
36097 
101639 
101642 
101643 
36109 
101646 
101647 
44303 
101648 
27920 
27922 
36122 
101663 
101665 
44321 
27937 
101666 
101667 
27940 
101671 
36135 
101672 
36145 
27953 
44338 
27957 
101692 
101695 
101697 
44354 
27971 
101701 
101703 
27976 
101705 
44369 
3409 
27990 
27994 
44380 
3427 
44392 
3444 
44406 
44420 
3462 
208268 
3469 
44521 
36339 
36344 
44537 
36349 
44549 
36358 
36362 
36366 
44562 
36378 
36381 
44575 
36384 
208422 
36396 
36397 
36399 
110149 
110162 
110175 
110185 
208496 
110198 
44665 
44670 
44675 
110214 
44688 
110227 
44694 
36502 
44697 
110242 
36515 
44714 
44717 
110256 
44720 
36529 
36542 
110271 
208579 
44740 
208584 
44744 
44745 
36555 
36569 
44764 
44766 
44769 
44779 
233199 
36592 
200440 
44796 
36606 
241417 
44810 
28427 
36620 
208665 
208666 
36634 
28442 
44827 
28455 
36648 
44845 
28468 
36662 
44866 
44867 
36676 
28484 
44870 
36689 
44888 
44892 
44895 
36703 
44906 
36719 
44912 
44914 
208758 
36733 
44928 
44929 
44933 
36748 
44943 
208786 
44946 
44949 
36759 
44964 
36774 
44980 
28598 
36791 
28607 
36803 
28617 
45004 
28621 
208846 
208847 
36816 
45017 
28636 
28638 
36831 
208873 
208874 
208875 
28653 
36846 
4078 
208881 
45041 
28657 
208884 
208886 
208888 
208891 
208893 
208894 
4094 
208895 
28671 
208896 
208897 
208898 
28676 
45064 
4108 
45078 
200729 
4122 
45092 
4139 
45109 
4153 
45119 
61504 
4166 
4180 
36960 
200801 
28771 
4197 
36975 
28787 
4213 
36987 
53375 
28801 
37000 
28819 
28837 
241833 
28854 
28868 
4304 
28883 
4320 
102625 
102627 
45285 
4326 
37097 
37099 
258284 
258285 
28910 
258287 
258288 
102640 
4336 
258289 
45297 
258290 
102642 
258291 
258292 
258293 
37111 
258297 
258298 
37115 
28925 
45311 
4352 
102660 
102662 
37126 
37129 
45323 
102674 
102678 
37143 
37145 
45343 
102689 
102693 
37158 
37161 
45368 
37179 
258366 
37191 
45386 
258381 
258382 
37201 
45406 
37214 
29027 
37230 
29042 
45429 
37248 
29057 
45447 
45456 
201108 
37269 
45470 
29086 
258467 
258468 
37284 
102826 
201136 
37296 
45489 
29105 
37308 
45506 
37325 
37328 
45526 
242143 
37343 
242144 
37345 
242148 
242149 
242150 
242153 
45546 
242158 
37358 
242159 
242160 
242161 
37361 
242162 
242163 
242164 
242165 
242166 
242167 
242168 
242169 
242170 
242171 
242172 
242173 
37373 
242174 
45566 
242175 
242177 
37377 
242178 
242180 
242181 
242182 
242183 
242184 
242185 
242186 
242187 
242188 
29198 
37392 
242193 
37396 
45589 
242203 
29213 
37413 
102954 
45610 
29229 
37424 
21046 
102968 
29242 
111164 
21052 
102974 
45631 
242240 
29252 
37445 
21061 
102985 
111180 
21069 
45648 
242262 
242263 
102999 
242265 
21081 
242266 
242267 
111195 
242268 
242269 
242270 
242271 
242272 
242273 
242274 
45666 
111206 
242285 
45679 
37490 
111222 
37501 
242303 
242304 
45699 
201348 
111243 
45715 
111265 
29349 
29357 
111281 
29369 
111298 
29384 
37585 
234195 
29395 
111318 
37597 
37605 
45802 
4845 
242415 
37615 
45809 
242418 
242419 
242420 
242421 
111353 
4858 
45822 
37631 
4871 
201480 
111370 
45835 
37653 
4886 
242457 
242458 
45850 
111390 
37664 
4903 
37677 
111406 
70453 
37696 
37710 
111445 
37727 
37745 
37758 
21378 
37768 
127893 
127894 
21406 
127908 
37797 
127910 
29606 
29614 
21426 
127925 
127928 
29627 
21442 
127941 
127943 
29641 
5066 
5071 
201681 
21460 
127960 
29657 
127964 
46044 
5085 
46046 
5088 
21482 
5103 
46066 
5106 
46070 
21500 
5123 
5124 
46088 
21514 
46094 
37902 
5139 
5141 
46105 
37913 
21532 
46112 
37923 
21547 
37936 
46133 
103483 
103486 
46145 
103502 
37967 
242768 
103504 
46169 
234588 
37983 
103520 
103524 
46186 
37997 
103537 
103540 
46201 
38010 
103558 
103561 
46218 
38026 
38039 
46233 
234658 
38052 
38055 
234669 
234670 
234671 
46255 
234672 
234673 
234674 
234675 
234676 
234678 
38070 
38073 
46268 
234688 
234689 
234690 
234691 
234692 
234693 
234694 
234695 
38087 
234696 
234697 
38089 
234698 
234699 
234700 
234701 
46285 
234702 
234703 
234704 
234705 
234706 
29908 
29910 
38104 
38106 
29914 
234716 
234717 
46302 
38114 
46307 
234726 
234727 
234728 
38120 
46316 
29939 
29942 
29944 
46329 
38140 
29958 
46343 
38153 
29963 
29966 
46356 
29976 
38171 
29979 
54558 
29983 
234788 
234789 
46377 
29995 
38188 
29996 
29999 
21822 
38207 
234816 
234817 
46402 
234819 
234820 
234821 
234822 
234823 
234824 
234825 
234826 
21834 
234827 
111954 
46418 
234840 
21849 
46434 
111971 
234854 
234855 
21864 
234857 
234867 
5491 
111988 
21878 
46455 
30078 
5503 
112004 
46474 
30090 
30092 
5523 
30105 
5533 
112038 
30119 
5545 
5562 
5574 
21960 
21965 
234961 
234965 
5589 
234966 
234967 
234968 
234969 
234970 
21978 
234971 
234972 
234973 
21981 
5604 
21994 
46573 
21997 
46578 
30195 
5620 
22010 
22013 
30208 
235011 
235012 
235013 
235014 
46598 
46601 
5643 
22028 
30222 
22033 
5654 
46617 
30236 
46624 
5667 
30249 
46635 
46637 
5684 
46649 
46655 
46669 
46670 
5719 
46684 
46687 
46700 
46702 
46717 
46720 
38542 
46737 
38546 
112276 
46741 
38559 
112290 
38562 
46761 
38573 
112305 
38577 
46778 
38588 
112317 
38592 
46793 
112331 
38605 
38607 
46812 
46838 
5889 
30470 
5901 
46862 
96018 
30483 
5914 
63260 
46879 
30498 
5930 
30512 
38705 
46899 
5945 
38715 
30527 
46913 
112451 
38729 
5965 
30547 
112469 
46934 
38744 
5981 
30560 
112485 
38758 
30569 
5993 
30576 
112499 
6007 
30584 
38781 
112513 
6022 
38796 
38799 
38804 
30618 
38812 
30624 
22438 
38830 
30642 
22455 
38840 
30657 
38854 
22470 
30672 
47058 
38866 
22485 
112607 
38880 
112609 
22500 
38896 
112627 
112629 
22519 
38907 
112643 
112646 
22535 
38922 
112660 
22548 
112662 
38937 
22559 
112676 
38950 
112680 
22574 
47151 
38965 
47163 
38972 
38982 
47179 
38994 
47199 
39007 
47220 
30839 
47235 
30851 
30864 
47253 
30877 
47269 
30890 
47282 
39097 
39101 
47299 
47304 
39113 
39118 
47317 
47324 
39132 
39134 
47333 
39144 
47337 
39149 
47342 
47344 
39161 
22778 
47360 
47362 
22789 
22801 
6417 
14610 
47379 
22814 
6431 
47393 
112935 
22823 
104747 
104750 
6447 
47412 
112955 
22843 
104766 
47423 
6463 
104769 
22857 
6476 
47440 
112977 
104788 
22873 
104797 
112995 
47460 
22888 
104811 
104814 
47476 
31092 
22904 
113021 
104837 
47493 
31109 
47500 
55701 
129431 
39325 
6559 
47521 
113058 
31139 
129449 
47535 
6575 
39344 
47538 
31155 
129463 
113080 
63932 
6589 
47550 
39359 
47552 
31171 
129480 
6601 
47565 
47568 
39376 
113105 
31189 
6615 
47579 
39389 
47584 
31204 
47594 
39403 
113132 
39407 
47600 
31220 
39421 
47614 
39423 
31238 
47625 
39436 
113166 
39438 
31252 
47639 
39450 
39453 
47651 
113198 
47666 
113210 
113228 
113248 
113263 
113289 
113291 
113297 
105122 
113318 
113322 
113326 
105138 
195261 
105151 
113346 
113349 
113354 
105163 
105174 
113371 
113373 
39648 
113378 
39652 
39656 
113387 
113392 
39666 
113395 
39677 
113417 
39690 
39703 
31511 
113434 
39717 
31527 
113449 
39731 
31543 
113465 
39742 
31558 
195401 
113481 
39757 
31575 
39771 
113500 
113505 
23393 
31592 
39785 
23407 
113522 
39797 
113526 
105334 
31608 
105337 
23418 
39809 
195459 
113541 
31621 
113545 
23434 
113547 
23437 
39822 
113553 
39834 
203677 
113567 
105377 
105379 
113572 
31658 
39853 
7094 
113591 
31672 
113593 
7098 
113596 
39870 
31687 
7112 
7115 
105420 
113613 
39886 
105423 
113618 
113619 
31700 
7128 
7130 
31715 
113638 
113639 
7143 
113640 
7144 
105452 
105454 
31727 
195573 
7157 
7158 
113659 
113660 
31741 
113662 
113679 
113680 
113681 
56355 
113700 
113705 
113709 
203829 
39990 
39997 
113731 
113733 
40008 
113740 
40022 
113752 
113755 
113758 
40034 
113774 
113776 
40051 
113781 
40062 
113797 
113798 
113801 
7306 
40075 
7323 
40092 
40106 
7339 
7353 
40123 
7365 
40136 
40150 
7384 
31971 
31980 
40176 
7416 
31995 
40191 
7430 
32009 
40209 
7443 
32022 
40223 
7458 
195883 
40240 
23873 
40258 
23877 
195921 
40274 
15698 
195923 
23893 
195927 
195929 
23897 
195930 
195931 
195932 
195933 
195934 
195935 
195936 
195937 
130401 
195938 
195942 
195943 
195944 
195945 
23913 
195946 
23914 
195947 
195948 
195949 
195950 
195951 
195952 
130419 
32116 
195961 
23931 
23933 
130435 
32131 
23951 
23955 
130463 
40361 
130477 
32178 
40376 
32193 
40387 
32203 
40402 
32216 
40416 
32227 
32239 
40432 
32250 
40446 
32264 
40460 
40475 
40490 
261690 
24124 
24139 
40525 
24155 
40543 
24170 
40557 
24182 
40571 
40584 
40599 
40609 
40622 
40635 
40649 
40666 
40677 
40685 
40694 
40712 
24340 
24356 
24372 
24385 
24399 
253812 
253813 
253814 
253815 
8055 
253816 
253818 
253819 
253820 
253821 
253822 
253823 
253824 
253825 
253826 
8066 
253827 
253828 
253829 
253830 
253831 
253833 
253834 
253835 
253836 
8077 
253838 
253839 
253840 
253841 
253842 
8089 
8101 
32690 
8116 
32698 
24509 
32702 
8130 
16326 
24520 
253899 
253900 
32720 
8145 
40914 
32722 
32725 
24534 
8158 
40927 
32738 
24547 
32742 
32744 
8170 
40942 
24561 
32757 
32760 
32762 
40956 
)

// ************************************************************************* //
