/*--------------------------------*- C++ -*----------------------------------*\
  =========                 |
  \\      /  F ield         | OpenFOAM: The Open Source CFD Toolbox
   \\    /   O peration     | Website:  https://openfoam.org
    \\  /    A nd           | Version:  dev
     \\/     M anipulation  |
\*---------------------------------------------------------------------------*/
FoamFile
{
    version     2.0;
    format      binary;
    class       cellSet;
    location    "constant/polyMesh/sets";
    object      inlet;
}
// * * * * * * * * * * * * * * * * * * * * * * * * * * * * * * * * * * * * * //


5598
(
147458 
180232 
147464 
147469 
147473 
180243 
147479 
180254 
147490 
180264 
147496 
180271 
147507 
180277 
147515 
180285 
180289 
147522 
180297 
147533 
180303 
180309 
147543 
180316 
147549 
180323 
147557 
147565 
147578 
147584 
147595 
147598 
147609 
147615 
163 
147620 
147628 
147632 
147635 
147641 
147647 
147653 
180422 
147659 
180429 
147664 
180434 
147670 
180441 
180447 
147680 
180450 
147687 
180456 
180462 
147696 
180467 
147702 
180473 
180481 
147715 
180487 
147722 
180493 
180498 
147730 
147739 
180509 
147745 
147752 
147757 
147765 
147769 
147774 
147780 
147787 
147793 
147796 
147803 
147810 
147816 
147821 
147827 
147832 
381 
147838 
382 
383 
384 
385 
386 
387 
147844 
180616 
147849 
180622 
147856 
180627 
147862 
180633 
147868 
180639 
147874 
262566 
262567 
262568 
147880 
262569 
262570 
262571 
262572 
147884 
262573 
147889 
147895 
147901 
147907 
147913 
147917 
262609 
262610 
262611 
147923 
180692 
147929 
262618 
262619 
262620 
180700 
147934 
147939 
180708 
180713 
147945 
180719 
147951 
147956 
180725 
147962 
180731 
147967 
180737 
147973 
180745 
147979 
180750 
147984 
147989 
147994 
148000 
148007 
148012 
148018 
148030 
148037 
148049 
148050 
148053 
148056 
148060 
148063 
180838 
148070 
148071 
148073 
180844 
148076 
180849 
148088 
180860 
148093 
180867 
148104 
148107 
148114 
148121 
148127 
148133 
148139 
148146 
148152 
148158 
148162 
148168 
148175 
180959 
180962 
180966 
148201 
148208 
180977 
180984 
148216 
148222 
180992 
148227 
148234 
181004 
148238 
148243 
148249 
181021 
148255 
148261 
181034 
148267 
148271 
148277 
181051 
148283 
148289 
148294 
148300 
148305 
148311 
148317 
148323 
148328 
148334 
148339 
148345 
148350 
148356 
148360 
181131 
148363 
181135 
148370 
181141 
148375 
181147 
148381 
181153 
148386 
148391 
181160 
181165 
148397 
181170 
148402 
181175 
148408 
181182 
148414 
148419 
181188 
181192 
148425 
148430 
181203 
148436 
246743 
246744 
246745 
246746 
181210 
148442 
246747 
246748 
246749 
246750 
246751 
148447 
246752 
246753 
246754 
246755 
181219 
246756 
246757 
246758 
148454 
246759 
246760 
246761 
246762 
148458 
246763 
246764 
246765 
246766 
246767 
246768 
148464 
246769 
246770 
246771 
246772 
246773 
148469 
246774 
246775 
246776 
246777 
246778 
148474 
246779 
246780 
246781 
246782 
246783 
246784 
246785 
246786 
148482 
246787 
246788 
246789 
148485 
246790 
246791 
246792 
246793 
246794 
246795 
148492 
246797 
263182 
246798 
263183 
246799 
263184 
246800 
148496 
263185 
246801 
263186 
246802 
263187 
246803 
263188 
246804 
263189 
246805 
263190 
148502 
263191 
246807 
263192 
246808 
263193 
246809 
263194 
246810 
263195 
246811 
263196 
246812 
148508 
263197 
246813 
263198 
246814 
263199 
246815 
263200 
246816 
263201 
246817 
263202 
246818 
148514 
263203 
263204 
263205 
246821 
263206 
263208 
246824 
148520 
263209 
246825 
263210 
246826 
263211 
246827 
246828 
246829 
148525 
246830 
263215 
246831 
263216 
263217 
246833 
263218 
246834 
148530 
263219 
246835 
263220 
246836 
263221 
246837 
263222 
246838 
263223 
246839 
263224 
246840 
263225 
246841 
263226 
246842 
246843 
148539 
246844 
246845 
246846 
246847 
246848 
246849 
246850 
148546 
246851 
246852 
246853 
246854 
246855 
246856 
148552 
246857 
263244 
263245 
148557 
148562 
148568 
148571 
148575 
246881 
246882 
148578 
148581 
263270 
263273 
263274 
263275 
148587 
263276 
263277 
263278 
263279 
263280 
148592 
148598 
148604 
148608 
148620 
148629 
246935 
246936 
246937 
246938 
148635 
246941 
246945 
246947 
246948 
148646 
246951 
246952 
246953 
246954 
246955 
148651 
246956 
246957 
246958 
246959 
246960 
246961 
246962 
246963 
246964 
246965 
246966 
246967 
148663 
246968 
246969 
246970 
246971 
246972 
246973 
246974 
246975 
246976 
246977 
246978 
148674 
246979 
148679 
148690 
148696 
148714 
181488 
148721 
181495 
148730 
181501 
181506 
148738 
181512 
148745 
148751 
148758 
148765 
148772 
148778 
148783 
148789 
148794 
148800 
148806 
148812 
148815 
181588 
148820 
181594 
148826 
181597 
148830 
148835 
181604 
181609 
148841 
148843 
181614 
148847 
181620 
148852 
181625 
148858 
148862 
181631 
148867 
181637 
148873 
148878 
148884 
148894 
148900 
148910 
148917 
181692 
148926 
148935 
181706 
148942 
181713 
181721 
148953 
148957 
181729 
148963 
148969 
148975 
148979 
148985 
148991 
148997 
149003 
149009 
149013 
149019 
149024 
181795 
149029 
181799 
149035 
181806 
181809 
149042 
181817 
149049 
149054 
181825 
149060 
181832 
181834 
149066 
149071 
181842 
149078 
181847 
149082 
181856 
149088 
149094 
181863 
149098 
181868 
149104 
181875 
149110 
181881 
149116 
149120 
149126 
149132 
149138 
149143 
149148 
149153 
149160 
149165 
149171 
149176 
149181 
149187 
149193 
149199 
149204 
149209 
149219 
149224 
149229 
182003 
149235 
182008 
149242 
149248 
149252 
182021 
149258 
149262 
182032 
149267 
182039 
149275 
149279 
149285 
149289 
149294 
149302 
149307 
149312 
149316 
182089 
149324 
149330 
182101 
149336 
182107 
149343 
149347 
182117 
149353 
182127 
149362 
149366 
182136 
149371 
149376 
182146 
149381 
182158 
149391 
182164 
149397 
182170 
149404 
149408 
149414 
182183 
149420 
1964 
1965 
149424 
1969 
1970 
182195 
149428 
149431 
1977 
149435 
182204 
1981 
1984 
1985 
149442 
182213 
149446 
149451 
1998 
182225 
149458 
149463 
2010 
149470 
182239 
149476 
182246 
149481 
149487 
182256 
149493 
182268 
149500 
149504 
182278 
149511 
149515 
149520 
149526 
149532 
149538 
149543 
149548 
149554 
149562 
149569 
149574 
149579 
149585 
149590 
149595 
149603 
149612 
149620 
149624 
149630 
149636 
149639 
182416 
149650 
182425 
149659 
182432 
149665 
182440 
149672 
149676 
149683 
182452 
149689 
149694 
182464 
149700 
182472 
149704 
149711 
182481 
149716 
149722 
182491 
149727 
149730 
182499 
149736 
182508 
149742 
182515 
149748 
149751 
182524 
182529 
149761 
182535 
149771 
182541 
182545 
149777 
182550 
149785 
182556 
149792 
182561 
149803 
182573 
182579 
149814 
149820 
182589 
182594 
149829 
149834 
182604 
149841 
149848 
149854 
149860 
149868 
149874 
182645 
182650 
149882 
182656 
149888 
182662 
149894 
182667 
149903 
149910 
149916 
149921 
149928 
149935 
182706 
149942 
182713 
182718 
149950 
182724 
149956 
182729 
149963 
149969 
149976 
149984 
149990 
149997 
182768 
150003 
182774 
150009 
182781 
231935 
231936 
231937 
231938 
150018 
231939 
182787 
231940 
231941 
231942 
231943 
150023 
231944 
182793 
150030 
150036 
231957 
231958 
182806 
231959 
231960 
231961 
231962 
150042 
231963 
231964 
231965 
182813 
231966 
231967 
231968 
231969 
231970 
231971 
150051 
231972 
231973 
231974 
231975 
182823 
231976 
231977 
150057 
231978 
231979 
231980 
231981 
231982 
231983 
150063 
231984 
231985 
231986 
182834 
231987 
231988 
231989 
231990 
150070 
182843 
150077 
150083 
182853 
150088 
182862 
150094 
182869 
150102 
182875 
150107 
182882 
150114 
150120 
182889 
182894 
150127 
182901 
150133 
150138 
182910 
150145 
182920 
150152 
150158 
150166 
150171 
150179 
150185 
150191 
150197 
150204 
150211 
150215 
150220 
150225 
150229 
150236 
150240 
150247 
150253 
150261 
150268 
150274 
150281 
150286 
150294 
264984 
264985 
264986 
264987 
264988 
150302 
150308 
183077 
150314 
183084 
150321 
183091 
150328 
183099 
265021 
265022 
265023 
183103 
150337 
265026 
265028 
265029 
265030 
150345 
150353 
150358 
150364 
150371 
150378 
150384 
150389 
150395 
150402 
183172 
150405 
150408 
150417 
183186 
150421 
183195 
150427 
150432 
150437 
183209 
150443 
183217 
150449 
150455 
183227 
150461 
150465 
183236 
150471 
183243 
150477 
183250 
150483 
150489 
183259 
150495 
150500 
150506 
150512 
150518 
150525 
150529 
150534 
183306 
150542 
183311 
150547 
183316 
150553 
183322 
183326 
150558 
183332 
150564 
183337 
150569 
150574 
183343 
150580 
183349 
150582 
183353 
150588 
183361 
150595 
183364 
150599 
183369 
150604 
183374 
150608 
183377 
150614 
150621 
150627 
150633 
150637 
150644 
150650 
150656 
150659 
150665 
183436 
150670 
183441 
150677 
183447 
183452 
150684 
183457 
150689 
150696 
150703 
150709 
150714 
150719 
150725 
150731 
150737 
150742 
150746 
265438 
265439 
265440 
265441 
265442 
265443 
150755 
265444 
265445 
265446 
265447 
265448 
150760 
265449 
265450 
265451 
265452 
265453 
265454 
150766 
265455 
265456 
150771 
265464 
265465 
150777 
265466 
265467 
265468 
150780 
265469 
265470 
265471 
265472 
150786 
265479 
150793 
150798 
265491 
150804 
265493 
265496 
150808 
265497 
265498 
265499 
265500 
265501 
265502 
150814 
265503 
265504 
265505 
265506 
150821 
150826 
150833 
150839 
150845 
150852 
150855 
150861 
150867 
150873 
150877 
150885 
150889 
150895 
232821 
232822 
150902 
232823 
232824 
232825 
232826 
150906 
232827 
232828 
232829 
232830 
232831 
232832 
232833 
232834 
232835 
232836 
232837 
150917 
232838 
232839 
232840 
232841 
232842 
232843 
150923 
232844 
232845 
232846 
232847 
232848 
150928 
232849 
232850 
150937 
150947 
150953 
150959 
150964 
150969 
150975 
232896 
232897 
232898 
232899 
232900 
232901 
150981 
232902 
150987 
150991 
150997 
151003 
151009 
151014 
151017 
151023 
151029 
151033 
151036 
151040 
151042 
151048 
151053 
151059 
151063 
151069 
151075 
151081 
151087 
151092 
151093 
151100 
151105 
151111 
151116 
151121 
151127 
151133 
151139 
151143 
151149 
183920 
151155 
183927 
151161 
151167 
183937 
151172 
183943 
151178 
183951 
151184 
151189 
183962 
151195 
151201 
183970 
151207 
183976 
151214 
183986 
151219 
183989 
151225 
151231 
151236 
151242 
151248 
151253 
151259 
151268 
151275 
151279 
151284 
151289 
151293 
151299 
151304 
151311 
151317 
151321 
151326 
151331 
151333 
151337 
151341 
134961 
151346 
151351 
151355 
151361 
134977 
151367 
151374 
134990 
151377 
151383 
151389 
151396 
151403 
184174 
151409 
135027 
184181 
151413 
184187 
151419 
151424 
184196 
135045 
151431 
184202 
151434 
151435 
151439 
151443 
184212 
151449 
184218 
135066 
151455 
184227 
151461 
151465 
135082 
184236 
151471 
151476 
184246 
135097 
151482 
184255 
151488 
151494 
184263 
135112 
151498 
184271 
151503 
151508 
151510 
184281 
151514 
135130 
151518 
184289 
151523 
151528 
184300 
151533 
151538 
184307 
184312 
151544 
184317 
151550 
184322 
151554 
151559 
151564 
151570 
151577 
151581 
151587 
184356 
151592 
184361 
151597 
184366 
184373 
151605 
184379 
151611 
184384 
151617 
184389 
151622 
184394 
151627 
184399 
151633 
184404 
151638 
184411 
151644 
184416 
151649 
184421 
151654 
184426 
151660 
184431 
151666 
184437 
151672 
184442 
151676 
151681 
184452 
151687 
184461 
151693 
151698 
184469 
151703 
151708 
184482 
151715 
151721 
184491 
151726 
184496 
151731 
184501 
151737 
184506 
151742 
151748 
151753 
151759 
151764 
184538 
151771 
151773 
151780 
151784 
151787 
151793 
135409 
151799 
151803 
151809 
135429 
151815 
151821 
151826 
135444 
151831 
151837 
151842 
135463 
151848 
151852 
151858 
135477 
151864 
151870 
135490 
151876 
151880 
151885 
135501 
151891 
151897 
135514 
151904 
151910 
135527 
151916 
151922 
135540 
151928 
151937 
151943 
151952 
151958 
233882 
233883 
151963 
233884 
233885 
233886 
233887 
233888 
151968 
233889 
233890 
233891 
233892 
233893 
151973 
233894 
233895 
233896 
233897 
233898 
233899 
151979 
233900 
233901 
233902 
233903 
233904 
151984 
233905 
233906 
233907 
233908 
233909 
233910 
151990 
233911 
233912 
233913 
233914 
233915 
233916 
151996 
233917 
233918 
151998 
233919 
233920 
233921 
233922 
233923 
152003 
233924 
233925 
233926 
152006 
233927 
233928 
233929 
233930 
152010 
233931 
233932 
233933 
233934 
233935 
152015 
233936 
233937 
233938 
233939 
233940 
233941 
152021 
233942 
233943 
233944 
233945 
233946 
152026 
233947 
233948 
233949 
233950 
233951 
233952 
233953 
152033 
233954 
233955 
233956 
233957 
233958 
152038 
233959 
233960 
233961 
233962 
233963 
233964 
152044 
233965 
233966 
233967 
233968 
233969 
152049 
233970 
233971 
233972 
233973 
233974 
152054 
233975 
233976 
152060 
233984 
152065 
152071 
233993 
233994 
233995 
152076 
233997 
233998 
233999 
234000 
234001 
234002 
152082 
234003 
234004 
234005 
234006 
234007 
234008 
234009 
234010 
234011 
152091 
234012 
234013 
234014 
234015 
135711 
234016 
234017 
234018 
234019 
234020 
234021 
152101 
234022 
234023 
234024 
234025 
234026 
234027 
135723 
234028 
234029 
234030 
152110 
234031 
234032 
152118 
184887 
152123 
184894 
184900 
135748 
152133 
184906 
152139 
152149 
135765 
250458 
250459 
152155 
250460 
250461 
250462 
250463 
250464 
152160 
250465 
135777 
250466 
250467 
250468 
152164 
250469 
250470 
250471 
250472 
250473 
250474 
250475 
152171 
250476 
250477 
250478 
250479 
250480 
152177 
135794 
250483 
250484 
250485 
152183 
152188 
135805 
152193 
152199 
135815 
152204 
152209 
135826 
152214 
152217 
135837 
152223 
184994 
152229 
184999 
152234 
185004 
152240 
185009 
185014 
152246 
266939 
152251 
266940 
266941 
266942 
266943 
152256 
266945 
152260 
152262 
152267 
152270 
152275 
266969 
152281 
266970 
266971 
266972 
152286 
152290 
152294 
250602 
250603 
250604 
250605 
250606 
152302 
250607 
250608 
250609 
152307 
250612 
250613 
250615 
152313 
152319 
152325 
152332 
152337 
152343 
152351 
152358 
185133 
152366 
185141 
152373 
152378 
185147 
152384 
185153 
136002 
152390 
185161 
152397 
152399 
136018 
152404 
152407 
152413 
136032 
152418 
152423 
152429 
136046 
185200 
152435 
185206 
152440 
136058 
185212 
152447 
185218 
152453 
185224 
185226 
185231 
152464 
185237 
152469 
185242 
152476 
185247 
152483 
185252 
152488 
185257 
185262 
152495 
185269 
152502 
152508 
185281 
152514 
152520 
152527 
152532 
152539 
267231 
267232 
267233 
267234 
152546 
267235 
267236 
267237 
267238 
267239 
267241 
152553 
267242 
267246 
267247 
152559 
267248 
152565 
152571 
152578 
267267 
267270 
267271 
267272 
152584 
267273 
152590 
152597 
152603 
152612 
185386 
152619 
185390 
185396 
152628 
152630 
185404 
152640 
185409 
152647 
185418 
152655 
185426 
152665 
185437 
152670 
136286 
152675 
185447 
152681 
152685 
185454 
136303 
152690 
152693 
152703 
136321 
152711 
152717 
136333 
152720 
152728 
152732 
136348 
152741 
152751 
152756 
152762 
185533 
152767 
185540 
152775 
152778 
185547 
152783 
185554 
152787 
152791 
185561 
152796 
152804 
152808 
152813 
152818 
136434 
152824 
136444 
152829 
152839 
136455 
152849 
136467 
152859 
136479 
152870 
152879 
152884 
152890 
152895 
152902 
152907 
152911 
152916 
152923 
152929 
152934 
152938 
152944 
152951 
152957 
136573 
152962 
152967 
152974 
152979 
152984 
136602 
152988 
152992 
152996 
152999 
136617 
185770 
153004 
185775 
153009 
185779 
153014 
185784 
136634 
153020 
185789 
153025 
185796 
153030 
185800 
136650 
153035 
185806 
153040 
185810 
153045 
185815 
136664 
153050 
153056 
136673 
153061 
153066 
136685 
153071 
153076 
185847 
136698 
185852 
153084 
153088 
185857 
136707 
153092 
185862 
153098 
185868 
153103 
185875 
153109 
185881 
153113 
153118 
185888 
153123 
185894 
153128 
185900 
153134 
153138 
153146 
153151 
153157 
153161 
153165 
185935 
153167 
185937 
185939 
153171 
185940 
136788 
185942 
153174 
185943 
185949 
153181 
185950 
185951 
185953 
153186 
185955 
185956 
136807 
153193 
185962 
185963 
185965 
185967 
153199 
185969 
185970 
153205 
185976 
136824 
185977 
185978 
185980 
185981 
153213 
185983 
153219 
185989 
185990 
185991 
185992 
153224 
185993 
185994 
136844 
153229 
186002 
153234 
186008 
153240 
153245 
186014 
153247 
136863 
186020 
153253 
153255 
153260 
186029 
136880 
153266 
153272 
186041 
136894 
153279 
186050 
153285 
186059 
153291 
136910 
153296 
186068 
153302 
136920 
153308 
186078 
186083 
153315 
186089 
153323 
186095 
153328 
136944 
186101 
153335 
186105 
153340 
136959 
186112 
153346 
186116 
186122 
153354 
136971 
186128 
153360 
186134 
153366 
136982 
153371 
186140 
153377 
136993 
186146 
186152 
153385 
137005 
186158 
153391 
186164 
153396 
186170 
153402 
153408 
186182 
153415 
153422 
186193 
153428 
186198 
153434 
153440 
186210 
153446 
153448 
153453 
153457 
153461 
153467 
153473 
153479 
153486 
153492 
186264 
153497 
153499 
153503 
153506 
186275 
153510 
186284 
153516 
153520 
186292 
153526 
153531 
186303 
153536 
153542 
153547 
153552 
153556 
153562 
153568 
153573 
153579 
153583 
153588 
186359 
153594 
153597 
186368 
153601 
153604 
153606 
186375 
153612 
186381 
186386 
153618 
153623 
153627 
153633 
153639 
153645 
153649 
153657 
153663 
153667 
153671 
153674 
153677 
153681 
137299 
153686 
153687 
153693 
153694 
137314 
153700 
153702 
153707 
153709 
137326 
186481 
153714 
153716 
268408 
268409 
153721 
268410 
186490 
268411 
153723 
137340 
153726 
153730 
186499 
153732 
268426 
186506 
153738 
153739 
268428 
153740 
137356 
153743 
186513 
153747 
153748 
153751 
186521 
153753 
153756 
153758 
186527 
153762 
186533 
153765 
153769 
186540 
153772 
153776 
186560 
186569 
186578 
186586 
186591 
186593 
186596 
186602 
186610 
186616 
186623 
186636 
252180 
252181 
252182 
252183 
186647 
252184 
268569 
252185 
268570 
252186 
268571 
252187 
252188 
252189 
268574 
252190 
268575 
252191 
186655 
252192 
252193 
252194 
252195 
252196 
252197 
252198 
252199 
252200 
252201 
186665 
268586 
252202 
268587 
252203 
268588 
252204 
268589 
252205 
268590 
252206 
252207 
252208 
252209 
252210 
186674 
252211 
252212 
252213 
252214 
252215 
252216 
252222 
186686 
252223 
252225 
252226 
252227 
186691 
252228 
252229 
252230 
252231 
252233 
252234 
186698 
252235 
252236 
252237 
252238 
252239 
252240 
252241 
186705 
252243 
252244 
252245 
252246 
252247 
186711 
252248 
252249 
252250 
252251 
252252 
252253 
186717 
252254 
252255 
252256 
186724 
186731 
186738 
170357 
170360 
186745 
252288 
252289 
252290 
170370 
252291 
252292 
252293 
252294 
252295 
170376 
170380 
252336 
252337 
252338 
252340 
252344 
252345 
252346 
252347 
252348 
252349 
252350 
252351 
252352 
252353 
252354 
252355 
252356 
252357 
252358 
252359 
252360 
252361 
252362 
252363 
252364 
252365 
252366 
186938 
186942 
170562 
170569 
186954 
170575 
186961 
170581 
186971 
170588 
137873 
137881 
137887 
137894 
137901 
187067 
187074 
187085 
187097 
187108 
187120 
187129 
187141 
187146 
137999 
187152 
187160 
138011 
187166 
187172 
138021 
187179 
138030 
187185 
187191 
138040 
187197 
138053 
187208 
138065 
187219 
138073 
187227 
138084 
187241 
138097 
187252 
187258 
187264 
138112 
187270 
138127 
138136 
138147 
138159 
187342 
187347 
187352 
187358 
187364 
187372 
187377 
187382 
187388 
187394 
171047 
171052 
171058 
171061 
187447 
138298 
171067 
187457 
138307 
187468 
138316 
187474 
187479 
138332 
138345 
138367 
138388 
138408 
187575 
138423 
187581 
187587 
138437 
171206 
187593 
171211 
187598 
171216 
171222 
171227 
269552 
269553 
269554 
269555 
269558 
187640 
187647 
187658 
187667 
187674 
138527 
138540 
138552 
138563 
187725 
138574 
187731 
187739 
138591 
187751 
138601 
187761 
138613 
138626 
138645 
171415 
171420 
171425 
138660 
171430 
171436 
138670 
138682 
138694 
187856 
138707 
187862 
171483 
187868 
171489 
187874 
237029 
237030 
237031 
237032 
187880 
171496 
237033 
237034 
237035 
237036 
237037 
237038 
237039 
187887 
237040 
237041 
237042 
171506 
237043 
237044 
237045 
187893 
237046 
237047 
237048 
171512 
237049 
237050 
237051 
187899 
237052 
237053 
237054 
237055 
237056 
237057 
237058 
187906 
237059 
237060 
237061 
237062 
237063 
187911 
237064 
237065 
237066 
237067 
237068 
237069 
237070 
237071 
171544 
171550 
171554 
171558 
171564 
187962 
187970 
187978 
187986 
187992 
237156 
138903 
138907 
138909 
138913 
188068 
138917 
188074 
188085 
188095 
188101 
237275 
237276 
237277 
237278 
237279 
237280 
237281 
237282 
237283 
237284 
237285 
237286 
237287 
237288 
237289 
237290 
237291 
237292 
237294 
237295 
237296 
188147 
188152 
188158 
188164 
188169 
188229 
139089 
188242 
139099 
188252 
139108 
188262 
139120 
188273 
188283 
139133 
188291 
139145 
188299 
139148 
188305 
139161 
188315 
188324 
139173 
188336 
139184 
188341 
188352 
139201 
188361 
139212 
188368 
188374 
188380 
139229 
188388 
172005 
188395 
172011 
139243 
172015 
188401 
172020 
188407 
172025 
139258 
188415 
188422 
270347 
270348 
188432 
188486 
188492 
188498 
188505 
188511 
188517 
188519 
188520 
188522 
188525 
188526 
188530 
188534 
188535 
188536 
188537 
188538 
188544 
188545 
188547 
188548 
188549 
188550 
188556 
188558 
188559 
188560 
188562 
188564 
188569 
188571 
188572 
188574 
188577 
188578 
172230 
172239 
172247 
172254 
172258 
139503 
139514 
139523 
188677 
188683 
139532 
188689 
188694 
139542 
188700 
139554 
188710 
139565 
188719 
139574 
172343 
188731 
139582 
172352 
188739 
139593 
188748 
172367 
172373 
188762 
172381 
188771 
188778 
188785 
188791 
188798 
188804 
139652 
172422 
188810 
188813 
172429 
188819 
139667 
172436 
172440 
188826 
139677 
188832 
172448 
188836 
139686 
188843 
188849 
139697 
188856 
188862 
188866 
188873 
188879 
188887 
188893 
188898 
188904 
188910 
188921 
188930 
188939 
188948 
188959 
172615 
172625 
172634 
172643 
139880 
189038 
172655 
139891 
189044 
189051 
139902 
189058 
139912 
189067 
189105 
189111 
189117 
189122 
189128 
189140 
189150 
189156 
189164 
189175 
172792 
172798 
189186 
172804 
189192 
172810 
189199 
172817 
189205 
172824 
189213 
172830 
172834 
172840 
172846 
172853 
140090 
172860 
140094 
172866 
140100 
172872 
140104 
140110 
172880 
189276 
189279 
189285 
189291 
189297 
189303 
189308 
189313 
189318 
189326 
172984 
172990 
172997 
173005 
189391 
189397 
173013 
189403 
189409 
189416 
189428 
189441 
189453 
189464 
189470 
189522 
189532 
189539 
189550 
189562 
189577 
189582 
189587 
189593 
189599 
189648 
189657 
189663 
140512 
189665 
140516 
189672 
140522 
189682 
140531 
189688 
189694 
140542 
189700 
189705 
189711 
189717 
189722 
189728 
189734 
189797 
255335 
255336 
255337 
255338 
255339 
189803 
255340 
255341 
173421 
255342 
255343 
255344 
255345 
189809 
255346 
255347 
173427 
255348 
255349 
255350 
189814 
255351 
255352 
255353 
255354 
189818 
173434 
255356 
255357 
173440 
189826 
189830 
173447 
189840 
189846 
189857 
189914 
189920 
255457 
255458 
255459 
255460 
255461 
189925 
255462 
255463 
255464 
255467 
189931 
173547 
189937 
173554 
173559 
189944 
189950 
173566 
189956 
173573 
189962 
140810 
189968 
140821 
140836 
140853 
140856 
140867 
140875 
140886 
140897 
173666 
173673 
140906 
190059 
173680 
190066 
173686 
190073 
173692 
190080 
190086 
190092 
190098 
190105 
190111 
173732 
190117 
173738 
140970 
190126 
173745 
190131 
140981 
173751 
190138 
173758 
190144 
140992 
190149 
173766 
141003 
190157 
173773 
173778 
190163 
173784 
190169 
190175 
173791 
190178 
141080 
141088 
190248 
141100 
190255 
190261 
141111 
190268 
141120 
190274 
173926 
190313 
190316 
173932 
173937 
190322 
190325 
173944 
190330 
190335 
173951 
190339 
190343 
141197 
190350 
141203 
190357 
190362 
141211 
190367 
141216 
190370 
190373 
190377 
141225 
190385 
190391 
190397 
190402 
190409 
174089 
174096 
174101 
174106 
174111 
190513 
190522 
190532 
190542 
190551 
141457 
141469 
174244 
141480 
190633 
174250 
190639 
174257 
141489 
174264 
190650 
174270 
141502 
190658 
190667 
190678 
190684 
174306 
174310 
190695 
174316 
190705 
174322 
190708 
141558 
174328 
190714 
141564 
190720 
141572 
190726 
190730 
141581 
190736 
141588 
190743 
190749 
141597 
190755 
141606 
190760 
190764 
141615 
141623 
141633 
174426 
174431 
174437 
174442 
174450 
190836 
190839 
174456 
174461 
190848 
190852 
174468 
190856 
190860 
174480 
190866 
174486 
190877 
190883 
190889 
190898 
190905 
190914 
190924 
141780 
190933 
174558 
141792 
174564 
190950 
141798 
174570 
141804 
240109 
240110 
240111 
240112 
240113 
240114 
190962 
240115 
174579 
240116 
240117 
141813 
240118 
240119 
174583 
240120 
240121 
240122 
240123 
240124 
240125 
240126 
190974 
240127 
141823 
240128 
174592 
240129 
240130 
240131 
240132 
240133 
174597 
240134 
240135 
190983 
240136 
240137 
141833 
240138 
240139 
174603 
240140 
240141 
240142 
240143 
240144 
190992 
240145 
174609 
240146 
141842 
240147 
240148 
240149 
174613 
240150 
240151 
240152 
240153 
240154 
240155 
240156 
240157 
240158 
240159 
240160 
240161 
240162 
141858 
240163 
240164 
240165 
240166 
240167 
240168 
240169 
240170 
240171 
240172 
240173 
141869 
240174 
240175 
240176 
240177 
240178 
240179 
240180 
240181 
240182 
240185 
141881 
240186 
240187 
240188 
240189 
240190 
240191 
240192 
141888 
240193 
240194 
240195 
240196 
240197 
240198 
240199 
240200 
240201 
240202 
240203 
240204 
240205 
141901 
240206 
240207 
240208 
240209 
240210 
240211 
240212 
240213 
240214 
240215 
141911 
240216 
240217 
240218 
240219 
240220 
240221 
240222 
240223 
240224 
240225 
240226 
240227 
141923 
240228 
240229 
240230 
240231 
240232 
240233 
240234 
240235 
240236 
240238 
191094 
174714 
191100 
191106 
174722 
191110 
191113 
174731 
191120 
240273 
240274 
240275 
240276 
240277 
191125 
174743 
191128 
191134 
174752 
191140 
191146 
191150 
191157 
191162 
191167 
240324 
240326 
240327 
142024 
174794 
240333 
240334 
240335 
240336 
174800 
240337 
142033 
240338 
256723 
240339 
256724 
240340 
256725 
240341 
256726 
240342 
256727 
240343 
174807 
256728 
240344 
256729 
240345 
256730 
240346 
142042 
256731 
240347 
256732 
240348 
256733 
240349 
256734 
240350 
174814 
256735 
240351 
256736 
240352 
256737 
240353 
256738 
240354 
256739 
240355 
256740 
240356 
174820 
256741 
240357 
142053 
256742 
240358 
256743 
240359 
256744 
240360 
256745 
240361 
256746 
240362 
256747 
240363 
256748 
240364 
256749 
240365 
256750 
240366 
256751 
240367 
142063 
256752 
240368 
174832 
256753 
240369 
256754 
240370 
256755 
240371 
256756 
240372 
256757 
240373 
256758 
240374 
256759 
240375 
256760 
240376 
174840 
256761 
240377 
256762 
240378 
256763 
240379 
256764 
240380 
256765 
240381 
256766 
256767 
142079 
256768 
256769 
256770 
256771 
256772 
174852 
256773 
256774 
256775 
256777 
256778 
142090 
256779 
256780 
256781 
256782 
256783 
256784 
174864 
256785 
256786 
142098 
256787 
256788 
256789 
256790 
256791 
256792 
256793 
256794 
174874 
256795 
256796 
142108 
256797 
142117 
142131 
256822 
256823 
142140 
191295 
191297 
191298 
191300 
191301 
191302 
174918 
191303 
142152 
174923 
174929 
191314 
191315 
191316 
142164 
191318 
191319 
174935 
191320 
191322 
174941 
256862 
142175 
256864 
256868 
191332 
256869 
256870 
191334 
256871 
256872 
191336 
256873 
256874 
191338 
256875 
256876 
191340 
256877 
191341 
256878 
191342 
256879 
256880 
256881 
256882 
256883 
256884 
256885 
256886 
191353 
191354 
191355 
191356 
191358 
191359 
191360 
191374 
191375 
191376 
191378 
191379 
191384 
191385 
191395 
191405 
191408 
191419 
191427 
191435 
191446 
191452 
142306 
191459 
191465 
142314 
142320 
142326 
142332 
142339 
142346 
142352 
142359 
142364 
142372 
142378 
142385 
175156 
175158 
191543 
142394 
191548 
175164 
191554 
175170 
142402 
191558 
175177 
191563 
142412 
175184 
191569 
191573 
142421 
175190 
191579 
142429 
175198 
191584 
175204 
191589 
142439 
175210 
191595 
191601 
175217 
142449 
191605 
142457 
191610 
175228 
191616 
142465 
175237 
191622 
142472 
191627 
175244 
191631 
142479 
191637 
142486 
175255 
191643 
191649 
191652 
191656 
191659 
191664 
191667 
191671 
191674 
191679 
191681 
142534 
142541 
142548 
142555 
142563 
142570 
142577 
142584 
142592 
142600 
191758 
142608 
191764 
142615 
191772 
142622 
191777 
142631 
191787 
142638 
191793 
191797 
191802 
191808 
191814 
191822 
191828 
191835 
191840 
191844 
191879 
191884 
191889 
191895 
191901 
191908 
191913 
191917 
175534 
191922 
175543 
191928 
191935 
175551 
191941 
175557 
191946 
175564 
191951 
191956 
142829 
142837 
142844 
142852 
142860 
175635 
142868 
175641 
142876 
175647 
142882 
175653 
142890 
175659 
142897 
142904 
142912 
192069 
142919 
192077 
142927 
192087 
192097 
192101 
192132 
192142 
192150 
142999 
192159 
143008 
192166 
143020 
192176 
143032 
192187 
143040 
192197 
175816 
143048 
143052 
192206 
175822 
143057 
175828 
192214 
143062 
175834 
143066 
175843 
143081 
143085 
143090 
143095 
143100 
143108 
143115 
192272 
143122 
192277 
192282 
143130 
192287 
143137 
192292 
192297 
143145 
143147 
192300 
143150 
192304 
192308 
143156 
143158 
143159 
192313 
143166 
143167 
143169 
143176 
143180 
143182 
192341 
192346 
192351 
143199 
192356 
143207 
192360 
192364 
175981 
143214 
175987 
192373 
143223 
175993 
192378 
143230 
175999 
192387 
176005 
143237 
192395 
176017 
143249 
192402 
176022 
192407 
143255 
176028 
192415 
143264 
176034 
192424 
176040 
143272 
192429 
176047 
143279 
192434 
192437 
176053 
143286 
192441 
192443 
176059 
143293 
192447 
176064 
143300 
176070 
143309 
192498 
192503 
192508 
192511 
143359 
192516 
192521 
143370 
192524 
192528 
192530 
143378 
192534 
143389 
176164 
143401 
176170 
176177 
176186 
176192 
192605 
192608 
143460 
176230 
192618 
176236 
143469 
192623 
176243 
192632 
176249 
143481 
176256 
143494 
143508 
192673 
192677 
176293 
143526 
192681 
176299 
192685 
143536 
176306 
192695 
176312 
192703 
176319 
143552 
192710 
176326 
176332 
192717 
143567 
176338 
192726 
143574 
176345 
192731 
192735 
176354 
192740 
192742 
176361 
192747 
192752 
176369 
192758 
176375 
192763 
176381 
192768 
176387 
192773 
192778 
176395 
176401 
176408 
176413 
176419 
192807 
192811 
192816 
192819 
192824 
143678 
143688 
143695 
143705 
176478 
143711 
176490 
143722 
143730 
176502 
143737 
176515 
143748 
143752 
143756 
176532 
143765 
143771 
143779 
176608 
176614 
176619 
193011 
176627 
193017 
176633 
193022 
143872 
193027 
143878 
193031 
193039 
143888 
193044 
143893 
193048 
193053 
143904 
193060 
143913 
193066 
193071 
193075 
143923 
193078 
143926 
193083 
143931 
176704 
193090 
143940 
176709 
193095 
225866 
176715 
193100 
176721 
193109 
176727 
225882 
193118 
225888 
225896 
225898 
225900 
225916 
225923 
225926 
225928 
193165 
225934 
225938 
225939 
193171 
225940 
225944 
193176 
193181 
193187 
225958 
193192 
225962 
193195 
225965 
193198 
225967 
225968 
193202 
225973 
193205 
225978 
193210 
225983 
193215 
225985 
176835 
225988 
193220 
225989 
225992 
176840 
225993 
193225 
225996 
176845 
225998 
193230 
225999 
226001 
144082 
193235 
176851 
226008 
193240 
144088 
226009 
176857 
226010 
193245 
193248 
226017 
226020 
193252 
226025 
144105 
226030 
226031 
226032 
226035 
144115 
226037 
226039 
226040 
226041 
226042 
144123 
226044 
226047 
144129 
226050 
226054 
176902 
144135 
226056 
226057 
226059 
176907 
226061 
144141 
226062 
226065 
176913 
144147 
226071 
144151 
226072 
176920 
226076 
226077 
226078 
176926 
144159 
226081 
193313 
226082 
226084 
193318 
176934 
144167 
226089 
226090 
193323 
176939 
226093 
193326 
226095 
226096 
226098 
176946 
144178 
193331 
226100 
226101 
193335 
176952 
226105 
144185 
226107 
226108 
193340 
226111 
176959 
226112 
193345 
144194 
226115 
193349 
226118 
226119 
193352 
226123 
144204 
193357 
226127 
226128 
193360 
226131 
193363 
226133 
226134 
226135 
144215 
193368 
226137 
193369 
226138 
226140 
144220 
193374 
226143 
144225 
226147 
193379 
226148 
226149 
176998 
193383 
144231 
226152 
226153 
226154 
193387 
177003 
226157 
144237 
226159 
193391 
226160 
144241 
177010 
226163 
193397 
226166 
144246 
226167 
177016 
226169 
193401 
226170 
226171 
144252 
193406 
177022 
144256 
226178 
193411 
226181 
226182 
226184 
193416 
226187 
226188 
226189 
226192 
226194 
226195 
226196 
226197 
226201 
226202 
226203 
226204 
226205 
193437 
226207 
193440 
226209 
226211 
226212 
193444 
226213 
226214 
193447 
177063 
226218 
193450 
144299 
226220 
226221 
177069 
226223 
144303 
226224 
226225 
177075 
226228 
144308 
226232 
226233 
177082 
144314 
226239 
144319 
226240 
226241 
177089 
226242 
193475 
226244 
226245 
226246 
226247 
193479 
177095 
144327 
226248 
226250 
193482 
144332 
193485 
226254 
144336 
193489 
177106 
226259 
226261 
193493 
226262 
226263 
193496 
226266 
144346 
226267 
193499 
177115 
226270 
193502 
226272 
226273 
177122 
144354 
226275 
226276 
193508 
226278 
226279 
226280 
226281 
226282 
193514 
226283 
226284 
226285 
226286 
177134 
226287 
226288 
226289 
226290 
226291 
193523 
226292 
226293 
226295 
193527 
226297 
226300 
226301 
226302 
226303 
226304 
226305 
226306 
193538 
226312 
193545 
226315 
226316 
226317 
226318 
226319 
226322 
226323 
144403 
226325 
226328 
144408 
226330 
226332 
144412 
226335 
144415 
226336 
226338 
144420 
226341 
226343 
226345 
226346 
144426 
226347 
226348 
226349 
226351 
144431 
226352 
226353 
226354 
226355 
144435 
226356 
226357 
193589 
226358 
226359 
226360 
226361 
226362 
226363 
226364 
226365 
193597 
144446 
193600 
226369 
226370 
226371 
226373 
226374 
226375 
226376 
193609 
144457 
226379 
226381 
193613 
226382 
226383 
144465 
226386 
177234 
226387 
226389 
226390 
177239 
226392 
226393 
144473 
226395 
226396 
226397 
177247 
226400 
226401 
226403 
226404 
144484 
177253 
226408 
226409 
144489 
226410 
177258 
226411 
226414 
226416 
226417 
226418 
226419 
144499 
226422 
226425 
226426 
226427 
226428 
226431 
226432 
226433 
226434 
226438 
226439 
226440 
226445 
226446 
226447 
226448 
226449 
226450 
226451 
226452 
226453 
226454 
226455 
226456 
226457 
226458 
226459 
226460 
226461 
226464 
144544 
226465 
226466 
226467 
226468 
226469 
144549 
226472 
226473 
226474 
226476 
226477 
226478 
144560 
226483 
193716 
226485 
226486 
226489 
144569 
226490 
226492 
193724 
226493 
226494 
226495 
193728 
144576 
226498 
226499 
144582 
226503 
226505 
193737 
226506 
226507 
226508 
144588 
226510 
193742 
144592 
226517 
226518 
144598 
226519 
226520 
226522 
226523 
226524 
144604 
226525 
226528 
226529 
226530 
226531 
226532 
226534 
226536 
226537 
226538 
226540 
226545 
226548 
226552 
226553 
226556 
144637 
226558 
226560 
193792 
226562 
193795 
144643 
226564 
226565 
226566 
193798 
226568 
226569 
144649 
226570 
193802 
226572 
193806 
144654 
226576 
177424 
226577 
144658 
226579 
226580 
226581 
226583 
177431 
144665 
226589 
226590 
177438 
226591 
144671 
226594 
177445 
144677 
226600 
226601 
226602 
144682 
177452 
226605 
226606 
144686 
226607 
226610 
177459 
226612 
226613 
144693 
226617 
177465 
226618 
226621 
226622 
144704 
226625 
177474 
226629 
226631 
193864 
226633 
177481 
226634 
144714 
226636 
193868 
226637 
226638 
193870 
144719 
177488 
193874 
226643 
193878 
144728 
193883 
226652 
226654 
226655 
193887 
226656 
193890 
226659 
226660 
144740 
226662 
193894 
226663 
226664 
193897 
226669 
144749 
226673 
226674 
226675 
144756 
226679 
226680 
144761 
226682 
144767 
226690 
144772 
144775 
226698 
144781 
226703 
226704 
144784 
193938 
144787 
226708 
193941 
226710 
193944 
226716 
193948 
259485 
259486 
226718 
259487 
226719 
259488 
259489 
259490 
193954 
259491 
226723 
259492 
226724 
259493 
226725 
259494 
259495 
259496 
226728 
259497 
226729 
259498 
226730 
259499 
259500 
226734 
226735 
226736 
226737 
226738 
226740 
226741 
226742 
226748 
226749 
226752 
226753 
226754 
226755 
226757 
226758 
226759 
226761 
193993 
177610 
226763 
226764 
144846 
226767 
177615 
226768 
194000 
144851 
226772 
226773 
194005 
177621 
226777 
194009 
144857 
226778 
226779 
177627 
226780 
226781 
194013 
144862 
259551 
226783 
259552 
226784 
259553 
177633 
259554 
226786 
259555 
226787 
226788 
144868 
259558 
226790 
226791 
226793 
177641 
226794 
144874 
226795 
226796 
226797 
226800 
226802 
194034 
177650 
226803 
226804 
194036 
144884 
226805 
226806 
194039 
226808 
177656 
226809 
226811 
194043 
226812 
144893 
226814 
226815 
226816 
194049 
226818 
177666 
144899 
226822 
226823 
226824 
226825 
226826 
177674 
226828 
226830 
226831 
226832 
226833 
226835 
226836 
177684 
226837 
144917 
226838 
226839 
226840 
226841 
226842 
226845 
144925 
226846 
177694 
226847 
226849 
226850 
226851 
226852 
194084 
226853 
226854 
226855 
194087 
226856 
144936 
226857 
177705 
226858 
226859 
144939 
226860 
226861 
226862 
194094 
177710 
226863 
226864 
144944 
226865 
194097 
226866 
194099 
226868 
226870 
226871 
144951 
226872 
226873 
177721 
226874 
226875 
226876 
226877 
144957 
226878 
226879 
226880 
226882 
144962 
226883 
226884 
226885 
226886 
226887 
144967 
226888 
226889 
226890 
226891 
226892 
194124 
226893 
144973 
226894 
226895 
226896 
194128 
226897 
226898 
226899 
226900 
194132 
144980 
226901 
226902 
226903 
226904 
194136 
144984 
226905 
226906 
226907 
194139 
226908 
226909 
226910 
144990 
226911 
226912 
194144 
226913 
226914 
144994 
226915 
194147 
226916 
226917 
226918 
226919 
194151 
226920 
145000 
226921 
226922 
226923 
194155 
226924 
226925 
226926 
145006 
226927 
194159 
226928 
226929 
226930 
226931 
145011 
226932 
194164 
226933 
226934 
226935 
226936 
194168 
145016 
226937 
226938 
226939 
226940 
194172 
226941 
145021 
226942 
226943 
226944 
194176 
145024 
226945 
226946 
226947 
226948 
194180 
226949 
226950 
226951 
226952 
226953 
226954 
226955 
145035 
226956 
226957 
226958 
226959 
226960 
177808 
226961 
226962 
226963 
226964 
226965 
145045 
226966 
226967 
226968 
226969 
226970 
226971 
177819 
226972 
145052 
226973 
194205 
226974 
226975 
226976 
226977 
194209 
226978 
226979 
226980 
194212 
226981 
145061 
226982 
177830 
226983 
226984 
194216 
226985 
226986 
226987 
226988 
194220 
226989 
177837 
226990 
226991 
226992 
226993 
194225 
226994 
226995 
226996 
145076 
226997 
194229 
226998 
226999 
227000 
194232 
177848 
227001 
227002 
227003 
227004 
194236 
227005 
227006 
227007 
227008 
177856 
227009 
194241 
227010 
227011 
227012 
227013 
194245 
227014 
227015 
177863 
227016 
227017 
194249 
227018 
227019 
227020 
177868 
227021 
194253 
227022 
227023 
227024 
227025 
194257 
227026 
177874 
227027 
227028 
227029 
194261 
227030 
227031 
227032 
177880 
227033 
227034 
227035 
227036 
227037 
227038 
227039 
227040 
227041 
227042 
227043 
227044 
227045 
227046 
227047 
227048 
227049 
227050 
227051 
227052 
227053 
227054 
227055 
227056 
194288 
145136 
227057 
227058 
227059 
194291 
227060 
227061 
227062 
194294 
145142 
227063 
227064 
194296 
227065 
227066 
227067 
145147 
227068 
194300 
177916 
227069 
227070 
227071 
227072 
145152 
227073 
227074 
227075 
177923 
227076 
227077 
145157 
227078 
227079 
227080 
227081 
227082 
177930 
227083 
227084 
227085 
145165 
227086 
227087 
227088 
177936 
227089 
227090 
145170 
227091 
227092 
227093 
227094 
177942 
227095 
227096 
145176 
227097 
227098 
227099 
227100 
227101 
145181 
227102 
227103 
227104 
227105 
227106 
145186 
227107 
227108 
227109 
227110 
227111 
227112 
145192 
145195 
145199 
145200 
145206 
145208 
145214 
145215 
194369 
194375 
145228 
194384 
145239 
194392 
194398 
145250 
194406 
145255 
194410 
145259 
194414 
194417 
194421 
194444 
194448 
194452 
145300 
194454 
194457 
194461 
145310 
194464 
194467 
145316 
194470 
194473 
194475 
194477 
145325 
194480 
194483 
194486 
145336 
178116 
194502 
194505 
194506 
194509 
178125 
194512 
178133 
178144 
178156 
145389 
178165 
145399 
145405 
178176 
145413 
178192 
145424 
178204 
145437 
145441 
194603 
178219 
145452 
194605 
194608 
194610 
194612 
194613 
194616 
194618 
145468 
194621 
194624 
194627 
145476 
194630 
194634 
194637 
145487 
194640 
145497 
145505 
145513 
145524 
194695 
178313 
194698 
194701 
178319 
194704 
194707 
178324 
178330 
178337 
145578 
145585 
145594 
145601 
178376 
145611 
178382 
178388 
178394 
178401 
178406 
178412 
178423 
194808 
194810 
194812 
178430 
194815 
194817 
194819 
194821 
194823 
194825 
194827 
178443 
194829 
194831 
194833 
194835 
194837 
260387 
260388 
260389 
260390 
260391 
260392 
260393 
260394 
194858 
260395 
260396 
260397 
194861 
260398 
260399 
194863 
260400 
194864 
260401 
260402 
260403 
194867 
260404 
194868 
260405 
260406 
194870 
260407 
260408 
194872 
260409 
260410 
194874 
260411 
194876 
260413 
260414 
194878 
194880 
260417 
194881 
260419 
194883 
260420 
194885 
260422 
260423 
260424 
260425 
260426 
260427 
260428 
260429 
260430 
260431 
145743 
260432 
178515 
145749 
145752 
178522 
194908 
194909 
145758 
194912 
178528 
194914 
194916 
260453 
178533 
145765 
260454 
260455 
260456 
260457 
145770 
178539 
145775 
145779 
145784 
145789 
145795 
260488 
145800 
260491 
260492 
260493 
260494 
260495 
260496 
145808 
260497 
260498 
260499 
260500 
260501 
260502 
145814 
260503 
178583 
260504 
145820 
178589 
145826 
178596 
145830 
178602 
145836 
178607 
145842 
178616 
145848 
145855 
178624 
145857 
145860 
178630 
145865 
145868 
178637 
178644 
145901 
145906 
145911 
145917 
145923 
145959 
145965 
145971 
145975 
145980 
178754 
145987 
178760 
145993 
145998 
146004 
178773 
146010 
146017 
178786 
146022 
178796 
146029 
146033 
146039 
146047 
146052 
146056 
146061 
178835 
146069 
178839 
178845 
178852 
178857 
178864 
178869 
178876 
178882 
178887 
244429 
244430 
244431 
244432 
146128 
244433 
244434 
244435 
244436 
244437 
244438 
244439 
146135 
244440 
244441 
244442 
244443 
244444 
244445 
244446 
146142 
244447 
244448 
146144 
244449 
244450 
244451 
244452 
244453 
244454 
244455 
244456 
146152 
244457 
244458 
244459 
244460 
244461 
244462 
244463 
146159 
146165 
146171 
146174 
146178 
146184 
178958 
146190 
244497 
146195 
178964 
146201 
178972 
146205 
146213 
178983 
146220 
178989 
146226 
178999 
146232 
146238 
179009 
244547 
244548 
146244 
146248 
179019 
146251 
179022 
146257 
179028 
146261 
146267 
146273 
146279 
146285 
146290 
146296 
146302 
146308 
146314 
146316 
146324 
146328 
244635 
244636 
146332 
244637 
244638 
244639 
244640 
244641 
244642 
244643 
146339 
244644 
244645 
244646 
244647 
244648 
244649 
146345 
244650 
179114 
244651 
244652 
244653 
179123 
179127 
179137 
179143 
146409 
146415 
146421 
146428 
146434 
146439 
146444 
179214 
146450 
146455 
179224 
179228 
146461 
146467 
179239 
146472 
179243 
146477 
146482 
146490 
179259 
179265 
179275 
179278 
179284 
146526 
146531 
146537 
146543 
146549 
146556 
146560 
146564 
146570 
146575 
146582 
146587 
146592 
146598 
146603 
146609 
146615 
179384 
146621 
179394 
146626 
146632 
179404 
146638 
146643 
179413 
146649 
146654 
146656 
146663 
179432 
146665 
146667 
146669 
146670 
146671 
146676 
146677 
146679 
146680 
146681 
146682 
146687 
146689 
146690 
146692 
146693 
146695 
146700 
146701 
146704 
146705 
146706 
146708 
146713 
146714 
146715 
146717 
146718 
146719 
146725 
146730 
146736 
146741 
146747 
179527 
179536 
179543 
179553 
179557 
146790 
146796 
179567 
146806 
179576 
146812 
179583 
179588 
146822 
179595 
146859 
146864 
146870 
146875 
146881 
146887 
179661 
146893 
146897 
179666 
179671 
146903 
179676 
146908 
179680 
146913 
146915 
146916 
146920 
146921 
146922 
146927 
146928 
146929 
146933 
146934 
146935 
146940 
146942 
146943 
179714 
146949 
179718 
179722 
146954 
179726 
146960 
179731 
146966 
179736 
146971 
179741 
179747 
179756 
179763 
179767 
179770 
179775 
179783 
179788 
147020 
147029 
147037 
147045 
147051 
147057 
147061 
147067 
147073 
179842 
147079 
179849 
147083 
147089 
179860 
179863 
147095 
147101 
179873 
147107 
179878 
147113 
179884 
147118 
179889 
147124 
179895 
147130 
179900 
147136 
147144 
147148 
147154 
147159 
179932 
147166 
179937 
147169 
179941 
147174 
179947 
147179 
147184 
179958 
147193 
147205 
147211 
147220 
147226 
147235 
147244 
147251 
147257 
147262 
147267 
147273 
147279 
147286 
147292 
147296 
147304 
147311 
147318 
180090 
147323 
180097 
147329 
180103 
147337 
180109 
147346 
180115 
147353 
147360 
147365 
147374 
147380 
147385 
147390 
147395 
147402 
147407 
147413 
147418 
147423 
147430 
147436 
147441 
180213 
147446 
147452 
180223 
)

// ************************************************************************* //
