/*--------------------------------*- C++ -*----------------------------------*\
  =========                 |
  \\      /  F ield         | OpenFOAM: The Open Source CFD Toolbox
   \\    /   O peration     | Website:  https://openfoam.org
    \\  /    A nd           | Version:  dev
     \\/     M anipulation  |
\*---------------------------------------------------------------------------*/
FoamFile
{
    version     2.0;
    format      binary;
    class       cellSet;
    location    "constant/polyMesh/sets";
    object      latceliaca4;
}
// * * * * * * * * * * * * * * * * * * * * * * * * * * * * * * * * * * * * * //


2867
(
237572 
40964 
237573 
32776 
40983 
32791 
32806 
41003 
98348 
32817 
106555 
32832 
98369 
41028 
32836 
32838 
32839 
32841 
32844 
106574 
98387 
41043 
32856 
32859 
98400 
106593 
41057 
32865 
32867 
32869 
32871 
106605 
98417 
41073 
32885 
32888 
32890 
32892 
106621 
32895 
32896 
41095 
32910 
32913 
32914 
32917 
41111 
32919 
32920 
41124 
32937 
32938 
32940 
32944 
32946 
41141 
32949 
192 
195 
196 
41157 
197 
32966 
32967 
32970 
32971 
41176 
32984 
147675 
32987 
147677 
32989 
32992 
147684 
41188 
32998 
33000 
147690 
33003 
147692 
33004 
147693 
33015 
41208 
33017 
33020 
147709 
147710 
33023 
147712 
147718 
147720 
41224 
33033 
147723 
33036 
33038 
33040 
147735 
147736 
147737 
41242 
33055 
33065 
298 
299 
300 
41262 
33080 
41276 
147782 
147783 
41289 
33098 
147789 
147794 
33108 
41303 
147800 
147802 
147808 
147809 
41318 
147815 
147817 
33129 
41336 
33147 
41350 
33164 
41358 
33168 
33174 
41374 
41387 
41406 
41420 
41436 
41451 
41467 
33300 
33318 
115251 
148022 
115254 
148023 
148026 
33340 
115264 
33347 
148038 
148039 
148040 
115278 
33358 
148057 
148058 
41565 
115294 
148069 
41577 
139885 
148081 
148083 
148086 
139896 
41593 
148096 
148097 
148098 
41603 
139909 
139921 
41618 
139934 
41635 
238250 
238252 
238253 
238254 
686 
262831 
238255 
41647 
238256 
238257 
262834 
238258 
690 
238259 
238260 
238261 
238262 
238263 
238264 
238265 
33465 
698 
238269 
41661 
701 
238270 
238271 
238273 
115394 
238275 
238276 
238277 
238278 
238279 
33479 
238280 
238281 
238282 
238283 
41675 
238284 
238285 
238286 
238287 
238289 
115409 
33493 
238297 
41689 
238300 
238301 
238302 
238306 
238309 
238310 
238311 
238312 
41704 
238313 
238314 
238315 
238316 
238318 
238319 
238320 
238321 
238322 
238323 
238324 
238325 
238326 
115446 
41718 
238327 
238328 
238329 
238330 
238331 
238332 
238333 
238334 
238335 
238336 
238337 
238338 
238339 
41731 
238340 
33541 
238343 
238344 
238345 
238346 
115466 
238347 
238348 
238349 
238350 
41742 
238351 
238352 
238353 
238354 
238355 
33555 
115484 
41757 
33572 
33577 
33578 
41777 
33594 
33596 
140093 
41791 
33599 
140103 
33614 
41808 
33616 
33618 
140116 
41822 
33632 
140129 
33634 
33637 
41837 
140143 
33649 
33654 
33658 
41851 
41854 
41856 
41859 
41862 
41864 
41868 
99213 
41871 
41875 
41878 
99223 
41880 
41882 
33692 
41890 
99235 
41893 
41894 
41896 
33707 
41900 
41901 
99247 
41913 
99258 
41915 
33723 
41919 
41921 
41926 
33735 
148424 
41930 
148431 
41938 
33747 
41941 
148438 
41945 
148445 
41950 
33760 
41954 
41955 
33763 
148452 
33767 
33768 
33770 
33773 
41971 
33784 
33786 
33789 
33792 
41985 
33793 
33794 
33807 
42000 
33808 
33809 
33811 
33814 
33817 
42016 
33826 
33828 
33831 
33833 
42027 
33836 
33838 
42042 
33852 
33854 
33856 
33861 
42054 
33864 
33865 
42070 
42090 
42099 
42118 
42135 
42149 
132276 
42166 
99513 
132286 
42178 
33990 
99529 
1226 
1227 
1228 
1229 
132302 
1230 
42191 
1231 
1232 
1233 
1234 
1235 
34004 
1236 
1237 
1238 
1239 
1240 
99545 
1241 
1242 
42203 
1243 
1244 
115933 
1245 
132319 
34017 
99554 
115940 
34020 
132325 
42213 
1254 
1255 
1256 
34025 
1257 
1258 
1259 
1260 
115949 
1261 
1262 
1263 
1264 
1265 
42227 
99572 
115958 
34038 
132344 
42242 
34051 
132357 
115978 
99600 
34064 
42257 
132370 
34077 
42271 
132384 
99617 
34089 
42284 
132397 
99640 
42301 
99657 
42314 
42329 
99674 
42331 
42334 
42337 
42339 
42342 
124268 
116077 
116079 
42356 
42358 
42361 
42364 
124285 
42366 
116095 
42369 
116099 
116109 
42384 
116114 
42386 
42388 
42389 
42391 
42393 
116129 
42403 
116132 
42404 
42405 
42407 
42409 
42410 
124335 
107954 
116151 
140728 
116154 
42428 
107966 
42430 
42433 
140738 
124354 
42434 
34244 
140748 
107980 
42450 
34258 
124374 
140759 
107991 
42463 
34274 
140772 
108005 
42474 
140784 
34289 
42488 
140795 
34302 
140805 
42501 
140817 
34321 
42515 
42522 
34335 
140832 
42534 
116265 
42544 
34352 
42552 
42563 
116293 
34378 
42576 
34394 
116315 
42590 
42600 
116330 
116346 
108166 
42631 
132756 
108180 
42646 
108195 
42661 
132776 
108208 
42672 
132796 
42685 
108222 
34501 
132812 
42705 
34513 
34526 
42719 
34534 
42737 
34546 
116476 
34561 
42755 
34563 
116490 
34575 
34578 
108310 
42774 
116506 
34589 
34594 
108325 
116524 
42799 
34611 
108340 
34615 
132920 
42818 
108355 
34627 
34629 
132936 
108368 
100180 
42838 
132953 
34649 
100195 
132964 
34664 
42858 
100210 
132981 
34681 
42876 
34691 
100230 
133000 
100237 
133006 
34702 
42897 
133015 
42906 
100254 
34720 
133029 
100265 
42921 
34739 
133044 
100278 
42934 
42946 
100291 
34761 
255951 
133074 
42962 
255956 
255957 
42965 
255958 
42967 
255960 
255962 
42970 
34778 
255963 
255964 
255965 
42973 
255966 
255967 
255968 
133088 
42976 
255969 
255970 
255971 
255973 
255974 
255975 
255977 
255979 
42987 
34795 
255980 
255981 
42989 
255982 
255983 
133103 
255984 
255985 
42993 
255986 
255987 
255988 
42997 
42999 
43001 
133119 
34818 
34819 
43015 
34823 
43018 
34827 
43021 
34829 
43025 
34833 
43027 
43032 
2076 
34851 
2083 
43044 
34853 
43046 
43049 
34857 
34858 
34859 
43052 
34861 
43057 
43059 
34873 
43067 
34879 
43072 
43074 
34882 
43076 
34885 
43078 
34887 
43080 
34888 
34896 
34899 
34903 
43097 
34907 
34910 
34913 
43116 
43135 
43148 
34968 
43161 
34981 
43177 
133298 
43188 
34999 
2231 
133312 
43200 
35012 
43212 
133328 
35025 
43226 
133343 
35040 
43234 
35045 
133351 
43243 
35056 
43259 
35067 
2311 
43272 
35080 
117002 
141589 
43285 
117015 
35099 
141598 
43301 
35112 
141609 
117035 
141618 
43316 
35131 
141629 
117056 
43328 
43340 
35149 
117077 
43353 
35163 
43368 
35185 
43382 
43395 
35203 
35218 
43421 
35229 
35244 
43437 
2490 
43454 
35262 
125387 
43467 
35280 
43483 
125404 
35295 
43498 
125423 
35313 
133624 
35326 
125439 
43519 
133635 
125457 
43537 
133651 
43540 
43548 
43551 
43554 
43555 
133668 
43569 
133685 
43577 
43582 
43590 
43592 
43594 
43609 
43611 
43613 
43616 
43618 
43620 
43634 
43636 
43637 
35445 
43639 
43642 
43645 
35459 
43657 
43659 
43663 
35476 
43669 
43672 
43674 
35495 
43691 
35508 
43703 
43717 
35530 
43727 
35546 
43741 
43747 
35556 
43756 
43765 
35576 
43778 
35590 
43794 
35609 
35615 
43813 
43816 
35630 
35635 
142135 
43831 
43834 
35648 
142146 
35650 
2886 
2887 
43851 
43853 
142159 
35664 
2896 
35666 
2898 
2899 
142170 
2907 
2908 
2909 
35680 
43873 
35682 
142179 
2915 
2916 
2917 
43878 
2918 
2919 
2920 
2921 
35695 
125809 
35697 
35710 
35713 
125826 
43913 
43916 
2958 
2959 
35728 
2960 
2961 
35730 
2962 
2963 
43924 
134039 
35735 
35738 
43936 
35745 
35747 
134054 
125863 
43946 
134067 
43960 
125881 
134082 
43973 
142279 
125900 
142288 
43988 
142294 
142300 
44000 
142309 
265203 
44027 
44031 
44046 
44048 
35870 
44066 
44067 
35889 
44086 
44090 
44100 
44101 
44111 
44127 
44140 
35956 
44157 
117893 
35973 
44176 
117909 
35989 
44196 
36005 
117926 
44200 
44201 
36017 
44215 
44216 
44219 
117949 
36032 
44233 
36043 
44237 
44239 
117970 
36053 
44255 
44278 
134391 
134392 
44284 
134411 
134414 
44305 
44308 
44311 
134440 
44330 
36140 
44346 
36154 
36167 
44362 
36181 
44375 
118116 
44388 
36196 
36209 
44402 
118131 
44403 
36213 
44407 
36215 
44409 
36218 
44411 
36221 
44414 
36223 
118148 
44425 
36236 
118157 
44432 
44434 
118165 
44437 
36247 
44440 
36248 
44442 
36251 
36254 
36257 
44458 
44460 
36268 
36270 
142767 
44464 
36272 
36275 
44468 
44469 
142774 
36278 
44471 
36280 
142781 
142787 
44483 
36293 
44486 
36295 
142792 
44488 
36297 
36299 
44492 
44493 
44495 
36303 
36305 
44507 
44509 
36317 
28125 
36319 
44512 
36321 
36322 
44515 
36323 
44516 
36325 
44518 
28140 
36342 
44536 
28156 
44545 
36360 
28170 
44558 
36374 
28185 
44571 
36391 
44584 
44597 
44602 
36416 
44611 
44622 
44632 
118367 
44645 
44648 
44650 
44652 
44655 
44657 
118386 
44668 
44671 
44674 
118405 
44678 
44680 
44682 
118422 
44696 
44699 
44701 
44703 
44705 
44706 
118442 
44721 
44724 
44725 
44728 
44732 
44734 
44754 
44757 
44759 
44762 
233185 
233187 
233188 
233191 
44775 
233192 
233193 
233194 
233197 
233200 
233201 
233203 
233205 
44789 
36598 
233207 
233208 
233209 
233210 
233211 
233212 
233213 
233214 
233215 
233217 
44801 
233218 
233219 
233220 
36612 
233221 
36624 
44819 
36636 
44833 
36649 
44851 
36663 
44869 
36677 
134983 
143177 
143185 
36691 
44885 
134998 
143193 
143200 
135009 
36705 
44901 
143206 
135019 
36718 
44915 
135032 
44931 
44934 
44936 
44938 
44939 
44951 
44965 
44966 
44967 
44969 
44971 
44972 
44985 
44986 
44988 
44992 
44998 
45001 
102354 
45013 
45016 
45020 
45023 
45024 
102369 
45026 
143342 
102385 
45043 
45044 
143350 
45046 
45048 
28665 
45051 
28668 
45054 
143360 
102400 
143368 
28684 
28687 
143377 
102420 
45076 
36893 
28701 
36895 
28703 
45091 
36908 
28718 
135215 
36911 
28720 
135222 
45110 
28727 
28733 
45120 
36933 
135238 
36934 
45133 
36943 
36945 
135253 
45145 
36957 
45150 
36959 
135269 
45158 
45164 
45176 
45181 
45196 
45199 
45211 
45215 
45231 
45234 
37045 
45238 
45241 
45244 
45246 
37059 
45255 
45259 
45262 
45265 
37073 
45266 
45268 
102621 
45280 
37089 
102626 
110820 
37096 
127210 
110827 
102637 
127219 
110837 
102645 
45304 
37113 
45306 
110844 
45308 
45312 
127235 
45316 
102661 
37125 
94471 
110859 
94476 
45326 
94480 
45331 
127252 
37141 
45336 
119067 
94491 
45339 
45340 
45342 
94495 
110880 
37155 
94500 
127270 
45356 
119085 
110895 
45359 
94512 
37168 
45362 
94517 
45365 
45366 
45369 
94522 
110910 
37183 
119106 
94532 
94535 
94539 
37196 
45389 
45391 
45393 
110932 
45396 
119125 
94550 
45398 
45400 
37210 
94555 
94558 
119139 
110951 
45417 
37225 
45419 
45421 
45423 
45426 
45430 
37238 
119163 
45444 
45448 
37257 
45450 
37258 
45451 
37262 
37265 
45461 
45463 
119192 
37272 
37274 
37282 
37286 
45481 
45484 
94637 
119214 
45486 
45490 
37298 
45492 
37301 
45496 
94652 
29116 
29120 
119236 
37316 
94661 
45511 
37319 
45515 
45517 
29134 
94671 
45519 
45521 
29137 
45522 
37331 
37336 
94683 
119261 
29150 
29154 
45540 
45542 
37350 
45544 
94698 
37354 
94699 
45547 
94700 
29166 
45552 
29169 
94707 
45556 
37369 
37370 
29182 
29183 
45569 
45573 
45575 
45577 
37386 
45579 
37387 
45581 
29200 
29203 
37402 
94749 
45597 
45598 
45599 
29215 
201249 
45601 
29217 
45603 
201255 
45608 
37416 
201260 
201261 
94765 
29231 
201264 
201265 
94769 
29233 
201266 
201268 
201269 
94773 
45622 
201271 
201272 
201273 
94777 
29241 
201274 
201276 
94780 
45628 
37436 
29244 
201277 
45629 
201278 
201279 
94783 
201280 
201281 
45633 
201282 
94786 
201283 
201284 
45636 
94789 
201286 
45638 
29255 
201288 
29257 
201290 
37450 
201291 
201292 
201294 
201295 
201296 
201298 
45650 
37458 
201299 
201300 
94804 
201301 
201302 
45654 
201303 
201304 
37464 
201305 
37465 
201306 
94810 
45658 
201307 
45659 
201308 
201309 
45661 
201310 
45662 
201311 
201312 
37472 
201313 
37473 
201315 
201317 
201318 
94822 
201319 
201320 
201321 
94825 
201322 
201323 
201324 
94828 
37484 
201325 
201326 
201327 
201328 
37488 
201329 
201331 
201332 
201333 
201334 
201335 
201337 
201338 
37498 
201339 
37499 
201340 
94845 
94847 
37509 
37511 
201353 
201354 
201355 
201356 
201357 
201359 
201360 
94864 
201361 
94865 
201362 
94867 
201364 
201365 
37525 
201367 
201368 
201369 
201370 
201371 
201372 
201373 
201374 
201375 
201376 
201377 
37537 
201378 
201379 
201380 
94885 
201383 
94887 
201384 
201387 
37548 
201389 
201390 
201391 
201392 
201393 
201394 
201395 
201396 
37557 
201398 
201399 
201400 
201401 
201402 
201403 
201404 
201405 
201406 
201407 
201408 
201409 
201410 
201411 
201412 
37572 
201413 
201414 
201416 
201417 
201418 
201419 
201420 
201421 
201422 
201423 
201424 
201425 
201426 
201427 
201428 
201430 
201434 
135898 
201435 
201436 
201437 
201438 
201439 
201440 
201441 
201442 
135906 
201443 
201444 
201445 
201446 
201447 
201448 
201449 
201450 
201451 
201452 
201453 
201454 
201455 
135919 
201457 
201458 
201459 
201460 
201461 
201462 
201463 
201464 
201465 
201466 
201467 
201468 
135932 
201469 
201471 
201472 
201473 
201475 
201476 
201477 
201479 
135947 
201490 
201491 
201492 
201493 
29461 
201494 
201495 
201496 
29464 
201497 
201498 
201499 
201500 
201501 
201502 
201503 
201504 
201505 
201506 
201507 
201508 
29476 
201510 
29478 
201511 
37671 
201512 
201513 
201514 
201515 
201516 
201517 
201518 
201519 
201520 
201521 
201522 
201523 
29491 
201524 
37684 
201525 
201526 
201527 
29495 
201528 
201529 
201530 
201531 
201532 
201533 
201534 
201535 
29505 
201539 
201540 
37700 
29508 
201541 
201542 
201544 
201545 
201546 
201547 
201548 
201549 
201550 
201551 
201552 
201553 
29521 
201554 
201555 
37715 
201556 
29524 
201557 
201558 
201559 
201560 
201561 
201562 
201563 
201564 
201565 
201566 
201567 
201568 
37728 
201569 
201570 
201571 
201572 
29540 
201573 
201574 
201575 
201576 
201577 
201578 
201579 
201580 
201581 
201582 
201583 
201584 
201585 
29553 
201586 
201587 
201588 
201589 
37749 
201591 
201593 
201594 
201595 
201596 
201597 
29565 
201598 
201599 
201600 
201601 
201602 
37762 
201603 
201604 
201605 
201606 
201607 
201608 
201609 
201610 
37771 
29580 
201614 
201615 
37775 
201616 
201617 
201618 
201619 
37779 
201620 
201621 
201622 
201623 
201624 
201625 
201626 
201627 
201628 
37788 
201629 
201630 
37790 
201631 
37791 
201632 
201633 
37793 
201634 
201635 
201636 
37796 
201637 
201638 
201639 
37799 
201640 
201641 
201642 
201643 
201644 
201645 
201646 
201647 
201648 
37808 
201649 
201650 
37810 
201651 
201652 
37812 
201653 
201654 
37814 
201655 
201656 
201657 
29625 
201658 
37818 
201659 
201660 
201661 
37821 
201662 
201663 
201664 
201665 
201666 
201667 
201668 
29640 
37836 
37839 
37840 
37841 
37844 
37845 
29655 
37857 
37859 
37861 
29670 
37863 
37867 
111597 
37870 
29684 
111608 
37882 
37885 
37888 
37890 
29699 
37892 
37893 
111626 
144401 
37907 
144407 
111643 
144414 
95266 
37922 
144422 
144429 
111661 
37935 
95283 
144439 
144440 
37945 
144442 
95292 
144450 
144451 
37957 
144454 
95309 
144462 
144463 
144464 
37972 
144474 
144481 
95329 
37986 
144483 
144487 
29802 
144491 
144492 
29804 
37998 
144497 
29817 
38011 
29819 
29829 
29833 
38027 
111760 
29846 
38040 
38041 
29849 
111779 
38053 
29862 
38057 
29865 
111798 
38072 
29881 
38075 
111816 
38088 
29896 
38092 
29909 
111832 
38108 
218333 
218335 
38111 
218336 
218337 
218342 
29927 
218347 
29935 
218366 
218367 
218369 
218376 
218380 
218381 
251191 
251195 
251196 
218428 
251197 
251198 
251202 
38210 
30018 
38212 
30020 
251205 
251206 
38214 
251207 
218439 
251208 
251209 
38217 
251210 
251211 
218443 
251212 
218444 
38220 
251213 
38221 
30029 
251214 
30032 
251217 
251218 
218450 
251219 
251220 
251221 
251222 
251223 
251224 
251226 
251227 
30043 
251228 
38236 
251229 
30046 
251231 
38240 
38244 
38246 
251239 
251240 
251241 
38249 
30057 
251242 
38250 
251243 
30059 
251244 
251245 
251246 
251247 
251248 
251249 
251250 
251251 
144755 
251252 
251253 
251254 
30070 
251255 
30073 
144762 
38268 
38272 
144769 
38276 
30085 
38278 
144776 
38281 
38282 
144779 
38286 
218514 
38290 
38292 
38294 
38295 
38296 
112025 
38301 
38305 
38308 
38310 
112041 
38314 
38317 
218550 
218551 
112058 
38334 
218560 
38338 
218563 
95686 
218567 
95690 
218572 
112077 
218576 
38354 
38357 
95703 
95706 
112094 
38375 
136682 
95723 
38379 
95727 
218611 
136692 
218614 
38390 
218616 
38393 
95742 
95744 
136705 
38405 
38408 
259596 
136716 
95761 
95765 
218646 
136726 
218647 
38424 
218655 
218657 
218659 
38435 
218661 
218667 
38448 
218673 
218674 
218675 
218676 
218682 
38475 
30284 
112205 
218706 
218708 
30297 
218714 
38490 
218716 
218718 
112225 
30312 
38507 
218734 
30324 
112246 
218744 
38520 
218746 
218749 
38530 
218756 
30340 
218757 
112263 
30352 
38545 
218774 
112281 
218778 
30364 
38560 
30379 
112303 
136882 
218803 
30391 
112315 
136895 
30405 
30408 
112330 
218829 
136912 
30421 
30423 
218840 
112345 
136924 
218845 
136928 
112355 
30436 
30437 
30440 
30441 
30444 
218861 
30445 
38662 
38673 
38686 
218918 
30503 
30505 
96043 
38700 
259886 
96052 
259893 
96053 
218934 
38710 
30518 
30519 
259897 
259898 
259899 
259900 
259901 
259903 
145218 
30530 
259908 
30533 
145226 
96075 
96077 
96080 
30545 
30548 
218965 
145237 
218966 
145249 
218983 
96115 
96118 
96119 
96134 
219015 
96137 
219024 
145299 
219032 
219033 
219034 
96154 
219037 
145312 
30629 
145320 
30634 
96177 
219058 
145330 
96179 
96180 
120760 
145339 
120763 
30652 
145350 
30663 
120781 
120783 
30677 
219094 
120800 
219105 
120804 
30692 
120819 
120823 
120839 
219144 
120844 
104469 
219164 
219167 
104479 
30761 
104495 
38963 
219188 
219189 
30774 
112695 
104504 
38968 
112707 
38980 
30788 
104518 
30799 
219217 
38993 
112722 
104537 
30812 
39005 
112737 
104552 
30826 
39019 
219247 
219250 
112755 
39032 
104571 
219264 
39045 
104587 
30863 
39060 
30869 
219288 
219293 
104606 
30883 
39076 
30886 
30902 
39095 
30903 
39100 
219330 
219331 
219332 
30916 
219333 
219334 
219335 
219336 
39112 
30920 
219338 
219339 
219340 
39116 
219341 
219342 
30931 
30932 
219349 
39133 
39135 
39142 
39145 
30954 
219371 
219372 
39157 
39158 
30968 
30979 
39174 
30992 
39187 
31006 
121121 
96545 
39201 
39214 
31022 
121136 
96561 
31033 
39226 
121152 
96579 
31046 
39241 
39242 
39244 
39245 
39248 
121170 
96595 
31059 
39252 
39264 
219489 
39265 
219490 
121186 
219491 
39267 
31075 
219492 
219493 
219494 
39270 
96615 
219496 
219498 
39274 
219500 
219502 
39278 
31090 
31091 
219509 
219510 
219511 
219513 
219514 
39290 
219515 
39293 
219518 
39295 
31104 
39297 
39299 
31107 
39300 
219529 
31128 
31132 
39326 
39330 
39335 
39338 
31146 
39339 
31148 
39341 
31162 
39355 
31164 
39357 
39360 
39362 
39365 
39367 
31178 
31180 
39384 
31196 
31198 
39397 
31212 
31213 
39412 
31225 
31226 
39426 
31242 
31245 
39440 
39456 
31266 
39469 
31278 
31300 
39497 
31314 
39512 
31328 
39523 
96879 
96881 
39540 
39543 
96893 
96896 
39555 
39558 
96909 
96910 
39571 
39574 
96926 
96928 
39587 
39589 
96938 
96943 
39601 
39605 
96956 
39619 
96972 
39633 
31445 
96985 
39647 
31457 
39651 
31463 
97003 
39660 
31471 
113393 
97019 
31485 
113413 
113430 
105241 
113444 
105254 
113460 
105268 
39741 
105285 
39755 
113484 
105301 
39769 
113502 
39782 
31594 
39793 
113523 
31610 
39811 
39814 
113543 
39815 
31624 
39817 
31629 
113552 
39824 
39826 
31640 
39835 
39838 
39839 
39842 
39844 
113573 
39846 
39859 
39860 
113589 
39863 
39865 
39869 
39871 
113606 
39885 
39887 
39890 
39894 
39896 
113626 
39898 
39911 
39914 
113643 
39916 
39919 
31728 
39921 
31730 
39924 
31740 
31742 
113664 
31744 
39942 
31757 
31759 
39956 
113686 
31772 
31773 
105502 
31776 
113701 
39974 
130091 
105516 
31788 
31791 
39987 
130103 
105533 
113729 
31810 
130118 
31814 
31817 
105547 
40012 
113745 
130132 
31830 
40025 
31834 
105563 
130147 
31846 
40040 
31849 
31852 
40055 
31865 
31866 
40069 
31879 
31880 
31881 
40086 
31904 
40104 
122026 
31918 
40118 
122042 
31932 
40129 
31943 
122058 
40140 
97487 
31955 
122071 
40156 
97502 
40160 
40166 
97512 
40170 
40183 
97528 
138491 
40188 
40198 
138503 
40202 
138515 
40214 
40216 
138529 
138542 
32064 
32065 
32067 
32083 
32085 
32090 
32103 
32104 
32108 
105846 
32120 
32121 
32125 
40319 
105858 
32139 
105868 
40338 
32147 
32148 
105881 
32157 
40351 
32163 
105896 
32169 
40365 
32177 
40379 
32188 
32202 
40396 
32213 
130523 
40411 
32225 
40422 
130537 
32237 
130549 
40438 
32246 
130561 
40451 
130576 
40468 
40470 
40486 
40488 
114220 
40501 
40502 
40506 
40509 
114246 
40519 
40522 
114260 
114278 
114293 
32383 
32402 
245398 
245404 
245406 
245408 
40608 
245409 
245410 
32423 
245416 
245417 
245418 
245419 
245420 
245421 
40621 
245422 
245425 
245427 
245428 
245430 
245431 
32439 
245432 
40634 
245442 
245443 
245445 
245446 
245447 
40647 
245448 
32456 
245449 
245450 
245451 
245452 
245453 
245454 
245455 
245456 
245457 
245458 
245459 
245460 
40660 
245461 
245463 
245464 
245465 
245466 
245467 
245468 
32476 
245469 
245470 
245471 
245472 
245473 
40673 
32484 
40680 
40681 
40683 
40686 
40687 
32499 
40695 
40697 
106234 
40699 
40701 
40703 
32511 
40705 
106252 
40717 
40720 
32528 
40722 
40724 
40727 
40730 
32544 
106274 
40743 
40745 
40747 
32555 
40748 
106288 
40752 
40753 
32568 
106302 
32580 
32594 
106323 
106338 
40802 
40807 
32615 
40808 
40810 
32620 
40813 
106351 
40815 
32623 
40827 
106365 
32637 
40830 
40833 
32641 
40835 
32643 
40838 
40840 
106377 
40846 
40849 
122770 
40852 
40853 
40855 
40856 
122786 
40867 
40869 
40871 
40874 
40877 
32685 
40879 
32689 
32693 
122809 
40891 
40892 
40895 
40897 
40899 
40901 
32712 
32716 
32719 
122832 
40918 
32734 
32737 
122850 
40931 
32741 
40948 
32759 
)

// ************************************************************************* //
