/*--------------------------------*- C++ -*----------------------------------*\
  =========                 |
  \\      /  F ield         | OpenFOAM: The Open Source CFD Toolbox
   \\    /   O peration     | Website:  https://openfoam.org
    \\  /    A nd           | Version:  dev
     \\/     M anipulation  |
\*---------------------------------------------------------------------------*/
FoamFile
{
    version     2.0;
    format      binary;
    class       cellSet;
    location    "constant/polyMesh/sets";
    object      latmesenterica3;
}
// * * * * * * * * * * * * * * * * * * * * * * * * * * * * * * * * * * * * * //


3163
(
57345 
73735 
81931 
81934 
73742 
73745 
57362 
114713 
73754 
81947 
81949 
73758 
114723 
57380 
73766 
180268 
73772 
81965 
57393 
73779 
114740 
114744 
81976 
57401 
180283 
73787 
180291 
114755 
81989 
57415 
180296 
73800 
73804 
180301 
82000 
57427 
180308 
180310 
114774 
88 
73817 
89 
73820 
180317 
180319 
57440 
114787 
180324 
180326 
73833 
180331 
73836 
57453 
180334 
180339 
114803 
82035 
180341 
73846 
73852 
57470 
73858 
114819 
82051 
73865 
57483 
114834 
82066 
57496 
73881 
82079 
114850 
114853 
57510 
180395 
82096 
57524 
180405 
114870 
114874 
82110 
180417 
57539 
57542 
198 
180423 
199 
82120 
200 
201 
114890 
202 
180428 
114893 
57555 
82133 
57559 
114916 
57572 
57575 
82153 
114925 
57581 
57585 
82167 
57593 
57595 
82182 
57611 
114964 
74006 
114968 
82200 
74008 
57626 
57636 
82213 
74022 
74024 
114986 
114989 
301 
57650 
82227 
74039 
74040 
115005 
115009 
57665 
82243 
74054 
74056 
82250 
115023 
115025 
57681 
82259 
74069 
74072 
82265 
82267 
57695 
82278 
74088 
82281 
82282 
74091 
57710 
115060 
82293 
74102 
82295 
74105 
82300 
57730 
237956 
115076 
237957 
74117 
237958 
74118 
237959 
237960 
82314 
115083 
237964 
74125 
74126 
57743 
82321 
82324 
115094 
82326 
74134 
82327 
74136 
82333 
82335 
57760 
115105 
82343 
74151 
82347 
82356 
57781 
115126 
74166 
82359 
82361 
82363 
74180 
115141 
82374 
82375 
82378 
57802 
82379 
238035 
115155 
238036 
238037 
82389 
238038 
74198 
238039 
82391 
238040 
238041 
238042 
82394 
238043 
82395 
238044 
238045 
57821 
238046 
238047 
238048 
238049 
238050 
238051 
238052 
115172 
74212 
238053 
82405 
82406 
238055 
238056 
238058 
238059 
82411 
238060 
238061 
238062 
238063 
238064 
238065 
238066 
238067 
238068 
57844 
238069 
238070 
238071 
238072 
82424 
238073 
238074 
238075 
238077 
238078 
238079 
238080 
238081 
238082 
238083 
180739 
82435 
238084 
180740 
238085 
238086 
82438 
238087 
57863 
238088 
238089 
238090 
180746 
180747 
238092 
238093 
238094 
238095 
238096 
238097 
180753 
82449 
238098 
238099 
180755 
82451 
238100 
238101 
57877 
238102 
238104 
180760 
238105 
180761 
238106 
238107 
238108 
238109 
238110 
238111 
82463 
238113 
82465 
57889 
238114 
238115 
180771 
238116 
238117 
180773 
238118 
238119 
238120 
238121 
238122 
238123 
238124 
238125 
82477 
238126 
82478 
238127 
238128 
57904 
238129 
238130 
238131 
238132 
74295 
238144 
238145 
238146 
74306 
238147 
238148 
82500 
74308 
238149 
238150 
238151 
238152 
82504 
238153 
238154 
238155 
238156 
238157 
238158 
74319 
74321 
82515 
82516 
57942 
74333 
74334 
82533 
82535 
74347 
74349 
57966 
82545 
262770 
262771 
262772 
82548 
262773 
74357 
262774 
262775 
262776 
74362 
57984 
262786 
82564 
74372 
82567 
74375 
262798 
57998 
74383 
74386 
82579 
82585 
74395 
74398 
58020 
82598 
82599 
74408 
74411 
58034 
74420 
180919 
74424 
82618 
82619 
180925 
180931 
74435 
82629 
74438 
58054 
82632 
180937 
716 
717 
718 
180943 
719 
720 
74449 
721 
58066 
722 
74452 
115413 
115416 
82648 
74461 
58080 
74466 
58084 
74470 
58093 
82671 
74483 
74487 
58111 
115456 
82690 
74499 
115460 
58126 
82704 
74512 
115479 
74521 
115482 
58141 
82718 
74534 
82729 
115498 
58156 
115501 
82742 
58171 
115518 
115522 
74572 
58188 
74585 
58202 
74595 
58217 
74607 
58231 
74620 
58249 
74642 
58258 
58259 
66454 
58267 
74652 
58269 
66470 
58283 
74668 
58286 
66485 
74682 
66496 
58308 
74694 
82888 
58312 
246739 
66516 
82902 
58328 
82905 
74715 
58335 
82921 
74730 
82925 
82929 
58356 
82934 
74744 
82947 
82948 
74758 
82955 
82959 
58383 
74772 
82978 
115747 
58403 
82980 
74789 
82982 
115751 
82987 
58415 
74803 
74807 
115768 
115773 
74815 
74819 
115783 
74826 
115788 
74833 
74841 
115802 
83034 
115803 
83037 
83039 
83041 
74856 
115818 
115822 
83060 
74869 
83063 
58489 
83066 
83068 
74887 
83085 
58509 
1165 
1166 
83087 
1167 
1168 
83089 
1169 
83090 
1170 
74899 
1171 
74910 
58527 
83107 
83108 
83110 
83112 
74925 
58544 
83129 
83132 
83135 
74943 
83137 
58561 
83148 
74957 
83150 
74960 
83153 
83155 
58580 
74987 
58605 
74992 
115961 
75003 
58622 
75009 
75018 
58635 
75022 
115984 
83217 
83222 
58648 
75033 
75034 
83231 
83233 
116002 
75043 
83238 
58665 
75051 
83248 
75057 
83250 
116019 
83252 
58677 
75066 
83262 
75071 
83264 
116034 
58692 
83269 
75079 
75082 
83277 
58703 
83281 
116050 
83284 
75094 
75101 
83294 
58719 
116067 
83299 
75108 
75113 
83309 
116080 
83313 
58737 
75127 
83321 
83325 
58749 
116098 
75141 
83334 
58761 
83338 
83341 
58766 
1422 
1423 
1424 
1425 
1426 
1427 
1428 
1429 
83350 
1430 
1431 
58778 
116127 
83362 
116131 
75171 
58792 
83370 
83372 
58804 
83381 
116150 
75191 
116153 
83386 
83390 
83394 
58818 
116170 
75210 
116173 
83405 
58830 
83407 
83410 
75222 
116185 
83419 
116188 
58847 
83424 
75237 
83437 
83440 
83442 
58871 
75256 
58880 
83458 
75270 
83474 
75286 
58902 
83486 
75300 
58921 
83499 
75317 
75320 
83514 
58943 
108097 
116292 
83525 
116295 
108106 
58959 
108115 
83539 
116309 
116311 
83551 
58975 
108129 
116325 
116329 
83563 
108143 
58991 
83575 
116344 
116347 
108156 
59005 
83588 
108169 
116364 
116367 
75407 
83602 
59027 
108183 
75416 
75419 
83614 
75425 
108197 
75432 
59049 
83627 
75442 
108211 
75445 
83638 
59063 
75452 
108224 
83650 
75458 
59080 
75466 
108237 
83664 
59092 
108249 
83673 
75484 
83685 
75498 
59117 
108272 
83696 
75507 
67319 
83707 
59132 
75517 
108286 
67332 
75529 
83724 
59152 
67347 
75543 
75547 
83743 
59167 
67360 
75557 
75560 
75561 
67374 
59182 
83760 
231220 
75572 
255797 
231221 
75573 
255798 
231222 
75574 
255799 
231224 
255801 
83773 
59197 
255807 
75585 
75587 
75588 
59212 
75599 
75600 
231249 
83795 
75603 
75613 
59231 
255842 
255843 
255844 
255845 
255846 
255847 
255848 
231272 
255849 
231273 
83817 
255850 
231274 
255851 
255852 
231276 
83820 
255853 
231277 
255854 
255855 
255856 
255857 
231281 
59249 
255858 
255859 
255860 
255861 
255862 
255863 
83832 
255865 
255866 
255867 
255868 
255869 
83837 
255870 
255871 
255872 
59264 
255873 
255874 
255875 
255876 
255877 
255878 
231303 
231304 
83849 
231306 
255885 
83853 
255886 
255887 
116623 
255888 
255889 
83858 
116627 
83860 
116635 
59294 
116639 
83871 
83872 
231340 
231344 
116657 
116660 
75701 
59317 
59329 
75714 
116680 
116684 
59342 
75729 
83925 
59356 
75743 
83940 
75751 
59372 
75757 
75762 
83957 
83960 
83963 
75774 
75775 
59393 
83976 
75784 
83977 
83979 
75787 
59405 
83982 
75796 
108565 
108568 
83993 
75801 
108572 
83996 
59420 
83999 
84000 
108577 
75809 
75815 
59431 
108589 
84013 
75822 
84015 
108592 
84017 
108594 
75827 
84020 
84023 
75831 
84026 
108605 
84029 
108607 
59455 
84032 
108610 
108613 
75845 
84040 
59464 
84042 
75850 
84047 
75857 
84050 
108628 
75861 
108630 
59481 
108634 
198747 
198748 
198749 
84063 
198753 
75873 
198754 
198755 
84067 
75875 
198756 
84068 
198757 
198759 
59495 
198760 
198761 
198762 
198763 
198764 
75884 
198765 
108653 
198766 
108655 
75887 
84081 
198770 
84082 
198771 
198772 
108660 
84084 
198773 
75893 
198774 
108662 
59511 
198776 
198777 
198778 
198779 
75899 
198780 
198783 
84096 
198785 
198786 
84098 
198787 
84100 
198789 
198790 
108679 
75911 
198793 
75913 
108682 
198795 
59532 
198797 
108685 
67727 
84112 
84113 
84117 
198806 
75926 
198807 
198808 
75928 
198809 
198811 
59547 
198812 
108700 
198813 
198814 
67742 
84129 
108706 
198819 
116899 
108707 
84131 
198820 
84132 
75940 
108709 
116902 
198823 
198827 
198830 
59566 
198832 
67761 
75954 
198836 
108724 
116918 
108727 
116921 
108730 
198843 
75965 
59582 
67781 
108743 
108744 
116937 
108746 
59594 
108747 
116940 
75982 
67796 
108759 
108760 
116955 
75995 
108764 
116958 
76004 
116965 
76006 
116968 
76010 
108779 
76018 
108790 
59639 
76025 
2298 
2299 
108798 
76030 
2307 
2308 
76037 
108808 
2316 
59661 
2317 
2318 
76048 
76052 
108825 
2330 
2332 
2333 
2334 
2335 
76067 
76070 
108840 
59688 
76083 
2356 
2357 
108855 
76089 
59708 
2368 
76098 
2372 
108869 
76102 
59728 
76113 
108885 
76119 
76131 
67939 
108900 
76136 
59752 
67949 
76146 
108915 
59768 
67961 
108929 
76162 
67974 
67980 
59790 
76178 
108956 
59805 
67998 
76191 
68010 
76207 
59823 
108976 
68024 
76219 
108993 
68038 
76232 
59851 
76239 
68049 
59863 
76248 
76251 
240096 
76262 
59878 
76264 
59892 
76277 
76281 
59904 
76289 
2567 
76296 
2568 
2573 
2574 
59920 
2578 
76311 
2584 
2585 
2586 
59934 
2591 
2595 
76326 
68135 
59944 
2600 
2608 
76339 
2612 
68150 
59965 
2621 
68159 
2628 
68165 
109129 
59978 
68180 
109144 
59999 
68195 
109157 
76397 
60014 
68209 
109174 
76410 
117377 
68225 
60033 
109186 
117381 
76424 
60043 
76430 
68243 
117396 
76437 
117398 
109206 
60059 
2716 
76448 
2723 
2724 
109221 
76453 
117414 
68262 
117418 
76463 
60079 
109239 
117434 
117435 
60093 
76485 
109257 
60109 
109271 
76509 
60125 
76514 
109284 
60132 
76524 
109296 
109308 
76542 
109322 
76561 
109336 
76579 
68390 
76593 
109363 
68403 
76598 
215866 
215867 
215868 
215869 
215870 
76606 
215871 
109375 
68415 
215872 
215873 
215874 
215875 
215876 
109380 
76612 
215877 
215878 
215879 
215880 
215881 
215882 
215883 
76619 
215884 
68428 
215885 
215886 
215887 
215888 
76624 
215889 
215890 
215891 
109395 
215892 
215894 
215895 
215896 
68440 
215897 
215898 
76634 
215899 
215900 
215901 
215902 
76638 
215903 
215904 
215906 
215907 
109411 
215908 
215909 
215910 
215911 
215912 
215913 
76649 
76650 
215916 
215917 
215919 
215920 
215922 
215924 
109428 
215925 
215928 
215930 
215935 
109441 
215939 
60300 
109461 
60310 
215959 
215960 
215961 
215962 
109476 
215974 
215975 
60327 
215976 
215977 
215978 
215979 
215980 
215981 
215982 
109492 
60341 
215996 
109506 
60354 
109521 
265171 
60371 
76758 
216029 
216030 
109535 
60384 
216034 
76772 
68588 
109549 
216046 
60402 
216052 
76789 
216055 
76791 
216056 
216058 
216059 
109564 
216061 
216062 
216063 
60417 
216066 
216067 
216068 
216069 
216070 
76806 
216071 
216072 
216073 
76809 
216074 
216075 
216076 
216077 
216078 
60432 
76819 
109589 
216086 
216088 
216089 
76825 
216091 
109600 
216098 
216100 
216102 
76840 
216105 
76841 
216109 
109613 
216110 
216112 
216113 
216114 
216115 
216116 
76853 
76854 
216119 
216126 
76863 
76865 
109634 
216138 
76875 
216140 
216141 
216142 
76878 
109647 
216146 
216148 
216149 
216150 
76886 
216153 
109657 
216154 
76891 
216158 
216159 
216161 
216162 
216164 
76902 
109671 
76904 
60525 
216175 
216177 
76913 
216178 
216180 
76917 
68725 
109687 
60536 
68729 
68732 
68734 
76927 
216193 
68737 
216195 
216196 
68740 
109701 
76933 
60549 
216198 
216199 
216200 
76937 
216202 
216203 
76940 
216205 
68750 
216207 
76943 
109712 
216209 
68753 
216211 
68755 
60563 
216212 
216213 
216214 
68759 
216216 
216217 
76953 
68762 
76955 
76956 
68765 
76958 
60576 
216231 
68775 
216232 
68776 
76971 
68780 
68782 
60590 
76975 
68783 
76976 
68784 
76977 
216250 
216251 
216252 
76988 
60604 
216253 
76989 
68797 
216254 
216255 
76991 
68799 
216257 
68801 
68802 
76995 
68805 
68809 
60617 
77002 
216268 
216269 
216270 
77006 
216271 
216273 
77009 
77010 
68819 
60630 
68823 
77017 
68828 
68830 
68832 
216289 
216290 
60646 
216296 
216297 
68843 
77042 
216308 
216309 
60661 
216310 
216314 
68858 
216315 
60673 
68872 
216330 
60690 
216341 
68885 
216342 
216344 
216347 
216353 
60705 
216354 
216355 
216356 
216357 
68901 
77106 
68918 
60731 
77118 
216384 
216385 
216386 
60746 
77132 
77134 
77144 
77145 
60765 
77156 
77157 
60777 
77169 
77172 
77180 
60796 
77186 
77209 
77213 
77222 
77227 
77236 
77240 
77253 
77254 
77267 
77268 
77280 
60899 
110054 
110063 
60911 
77299 
110076 
60925 
77318 
110087 
60941 
110103 
60956 
77342 
110117 
60974 
77361 
110130 
77367 
110137 
110150 
61000 
77386 
110165 
61014 
110178 
77410 
61029 
110191 
61043 
77433 
77437 
110206 
77449 
233098 
110218 
77450 
233099 
77460 
110229 
77467 
233122 
233124 
233125 
233126 
77478 
233127 
233128 
77480 
233129 
233130 
233131 
233132 
233133 
233134 
233135 
233136 
233137 
233138 
233139 
110259 
233140 
233141 
77493 
233142 
233143 
77495 
233144 
233145 
233146 
233147 
233148 
233149 
233150 
110272 
233155 
110275 
233156 
233157 
233158 
233159 
77513 
77518 
110290 
77526 
77533 
77544 
77554 
110328 
77564 
77567 
110340 
77575 
77582 
110355 
61212 
69405 
77601 
110370 
110374 
61225 
69419 
77613 
61238 
77624 
69434 
110395 
61249 
77637 
69448 
110413 
61261 
110417 
77650 
69459 
77665 
77666 
110435 
77679 
77681 
110452 
110456 
77695 
77696 
77718 
77721 
77734 
77736 
69552 
77751 
77763 
69571 
61381 
69583 
77777 
61396 
69595 
77788 
61411 
69608 
77803 
61425 
69624 
61441 
69637 
110602 
69650 
110616 
69661 
69674 
110636 
110666 
110687 
77927 
110704 
77939 
77951 
110720 
110723 
69769 
77965 
110736 
69781 
77980 
110756 
69796 
110759 
77995 
77996 
69807 
110775 
78009 
78011 
69823 
110791 
78025 
110794 
78026 
110806 
78043 
78045 
78050 
78054 
110825 
110826 
110839 
78073 
78084 
110853 
78086 
110857 
78099 
78102 
78109 
110883 
78116 
78125 
78129 
110899 
78139 
78141 
110913 
61763 
78149 
78154 
78160 
61776 
78164 
110935 
78172 
78176 
61793 
110952 
78184 
78189 
61809 
78196 
78198 
110970 
78202 
61823 
78209 
78212 
78217 
78223 
111002 
78235 
78236 
78239 
78247 
111018 
78252 
78255 
78261 
111032 
78265 
78268 
78274 
111045 
78282 
78287 
78294 
78300 
78304 
78314 
78316 
78326 
78327 
78340 
78343 
78345 
78347 
78348 
78351 
78353 
78357 
78366 
78367 
78369 
78372 
78373 
78375 
78377 
78388 
78389 
78392 
78394 
78396 
78397 
78399 
78401 
78408 
78414 
78416 
78417 
78420 
78424 
78425 
78427 
78433 
62051 
78439 
78442 
70252 
78446 
78448 
62064 
78449 
78450 
78451 
70266 
62079 
78464 
78466 
70279 
78479 
70291 
62100 
78489 
70303 
78498 
62116 
111274 
78506 
78515 
78516 
111292 
78525 
78526 
78529 
78531 
78535 
78536 
78537 
78538 
111313 
111328 
70375 
111336 
70382 
78580 
70394 
78593 
70405 
78601 
78605 
78612 
70421 
78616 
78623 
78629 
78637 
78647 
78652 
78662 
70477 
78675 
111452 
70495 
78692 
111464 
70513 
78709 
70517 
111489 
70529 
70531 
78729 
70543 
78737 
70545 
111509 
70549 
70557 
78752 
70560 
111527 
70567 
70568 
78771 
70580 
111551 
70592 
78788 
70606 
111567 
78805 
111584 
78818 
78830 
111600 
78843 
111613 
78855 
78869 
111640 
78875 
78880 
111655 
78890 
78894 
78902 
78912 
111685 
70730 
78925 
78926 
111705 
70746 
78939 
78941 
78942 
111718 
70761 
78954 
78955 
78957 
78958 
78967 
251001 
78969 
70778 
78971 
251005 
78973 
78983 
78984 
78987 
78988 
70797 
78999 
79001 
79002 
79005 
79015 
79016 
251051 
251052 
251053 
251054 
251055 
251056 
251057 
251058 
79026 
251059 
251060 
251061 
251062 
251063 
79033 
251066 
251067 
251068 
251069 
79037 
251070 
251071 
251072 
251073 
251074 
251075 
251076 
79044 
251077 
251078 
251079 
251080 
251081 
251082 
251083 
251084 
79052 
251085 
251086 
251087 
251088 
79056 
251089 
251090 
251091 
251092 
251093 
251094 
251095 
251096 
251097 
79065 
251098 
201946 
251099 
201947 
251100 
79068 
251101 
111837 
251102 
251103 
251104 
251105 
251106 
201954 
79074 
251107 
201955 
251108 
251109 
201957 
251110 
251111 
201959 
251112 
251113 
201961 
251114 
79082 
251115 
201963 
251116 
201966 
201968 
79088 
201969 
201970 
201971 
201973 
201974 
201976 
251129 
251130 
201978 
79098 
251131 
79099 
251132 
201981 
201982 
201984 
201985 
201987 
201988 
201989 
201990 
79110 
201991 
201993 
79113 
201994 
201997 
201998 
201999 
202001 
202002 
202003 
202004 
79124 
79125 
202006 
202007 
202008 
202009 
202010 
202012 
202013 
202014 
79134 
202016 
202017 
79137 
202018 
202019 
202020 
202021 
202022 
202023 
202024 
202026 
202027 
202028 
79148 
202030 
202031 
202032 
202034 
79154 
202035 
202036 
202037 
202038 
202039 
202040 
202041 
202042 
202044 
79164 
202045 
111933 
202046 
202047 
202048 
202049 
202050 
202051 
202052 
202053 
202054 
202055 
202056 
202057 
202058 
111946 
202059 
202060 
202061 
202062 
202063 
202065 
202066 
202067 
202068 
202069 
202070 
202071 
202072 
202073 
202074 
202075 
111963 
79195 
202076 
202077 
202078 
202079 
202080 
202081 
202082 
202083 
202084 
202085 
202086 
202087 
202088 
202089 
202090 
202092 
71020 
111981 
202095 
202096 
202097 
79217 
202098 
79219 
202100 
202102 
202103 
202104 
202105 
202106 
202107 
202108 
71036 
202109 
111998 
202113 
202115 
112003 
202116 
202117 
79237 
79238 
202119 
202120 
202121 
202122 
202124 
202125 
202126 
79246 
202127 
202129 
202130 
202132 
202133 
202135 
202136 
79256 
202137 
202138 
202139 
202140 
202141 
202142 
71070 
202143 
112033 
112037 
79270 
79277 
71089 
112053 
71093 
79287 
112056 
79293 
71102 
71105 
112070 
79305 
79307 
112076 
71119 
112089 
79321 
71131 
112092 
79334 
71144 
79346 
71160 
79360 
71175 
79372 
71191 
79386 
71203 
79402 
71218 
63031 
112190 
63039 
79429 
63057 
112210 
79445 
79458 
63074 
112230 
79473 
71281 
79476 
63093 
112247 
79479 
79482 
79485 
79488 
71296 
71304 
79497 
71307 
79500 
79503 
63119 
79504 
79507 
79508 
71318 
71319 
112284 
63134 
79519 
79521 
79522 
71331 
71332 
79525 
79527 
79528 
112299 
71343 
63154 
79540 
79542 
71350 
79544 
112313 
79547 
71355 
79550 
79552 
71361 
63173 
259785 
112329 
259786 
79562 
71371 
79564 
259789 
259790 
79567 
79568 
63186 
79572 
79574 
112344 
71386 
79579 
63201 
71395 
259813 
259814 
79590 
259815 
259816 
259817 
259818 
259819 
79595 
259820 
259821 
259822 
259823 
63215 
259824 
259825 
79601 
259826 
71413 
79608 
259834 
259835 
259836 
79612 
259837 
71424 
63236 
79622 
259848 
71437 
63246 
259855 
79632 
71444 
79639 
71450 
63259 
79648 
71456 
112422 
79655 
71464 
71468 
79663 
71478 
112439 
71479 
79673 
79680 
71490 
71491 
112457 
79690 
63309 
71502 
79697 
112473 
79706 
63322 
71516 
79717 
112488 
63336 
71530 
79723 
63350 
71544 
79740 
63363 
71558 
71567 
71576 
71589 
71593 
71594 
71606 
71608 
71620 
71622 
71635 
71637 
79837 
79840 
71648 
71650 
112613 
79851 
79854 
112630 
79864 
79869 
79879 
112649 
79882 
79893 
112664 
79896 
112681 
71732 
71738 
71740 
71745 
71754 
71758 
71767 
71771 
71781 
71798 
79993 
80006 
63633 
80018 
63644 
80036 
63657 
63670 
112830 
80066 
63684 
112845 
80080 
80092 
112863 
112865 
80103 
80117 
80128 
80132 
71942 
80140 
80146 
71956 
80155 
80160 
71968 
80168 
80173 
71983 
80185 
71995 
80188 
80200 
80203 
80208 
80214 
80219 
80223 
80227 
80234 
80238 
80242 
80249 
80255 
80257 
80267 
80278 
72102 
72103 
80297 
72117 
72118 
80311 
72133 
72135 
80330 
72148 
72151 
80349 
72159 
80366 
72179 
72193 
80387 
80392 
72207 
80407 
80409 
72222 
80418 
80421 
80424 
72236 
80432 
80438 
72246 
80441 
72255 
80449 
80454 
72265 
80467 
72276 
72279 
80479 
72291 
80484 
72293 
80486 
80488 
80492 
72304 
80499 
80503 
72312 
80505 
80506 
72319 
80516 
80518 
80519 
80521 
72332 
80530 
80532 
80535 
72343 
80537 
80547 
80549 
80550 
72359 
178866 
80565 
178871 
72375 
178878 
80576 
72386 
178885 
178890 
80589 
178898 
56023 
178904 
80602 
178911 
178913 
80609 
178917 
64232 
178924 
80620 
178930 
64244 
178935 
80634 
56060 
178942 
178949 
80646 
64264 
56079 
80659 
64278 
64282 
80672 
56098 
72486 
64296 
64298 
64301 
56113 
80690 
72500 
113470 
72511 
179008 
80704 
113473 
113474 
56136 
179020 
80718 
72526 
113488 
179026 
113490 
113492 
179032 
56153 
179037 
72541 
80735 
113509 
113510 
56166 
113513 
80750 
72559 
113530 
113531 
113535 
72576 
56193 
80770 
72579 
56204 
72592 
80789 
72597 
113564 
56223 
80801 
72609 
64418 
72611 
64426 
80814 
72623 
72624 
56240 
113594 
80826 
80828 
56257 
80838 
80842 
113614 
72654 
56274 
80852 
80855 
72667 
80865 
113636 
80868 
56292 
72678 
80877 
80880 
179185 
72693 
179190 
56311 
80889 
113658 
80892 
179197 
179203 
72707 
80900 
56326 
113674 
179211 
80907 
72719 
80912 
56340 
72732 
80926 
80927 
113696 
56357 
72744 
80937 
80939 
113712 
72755 
56371 
113718 
72760 
56380 
56382 
113732 
56390 
80970 
56394 
113751 
56408 
56411 
80991 
113771 
72813 
56430 
56432 
81016 
72824 
113788 
81020 
56447 
81024 
72834 
56450 
72837 
72838 
113803 
81039 
72850 
81043 
72852 
72853 
56469 
81046 
56471 
113819 
56475 
72863 
72864 
72867 
81066 
56490 
56492 
81069 
56493 
72878 
113839 
72880 
81073 
72882 
56506 
72892 
56509 
72895 
56511 
81088 
113857 
81089 
72898 
81093 
72906 
81099 
56525 
113871 
56527 
56529 
72919 
81114 
81117 
56542 
81120 
81121 
56545 
113890 
72938 
113899 
81135 
113906 
81138 
81141 
56566 
72956 
81149 
81151 
81161 
72970 
56590 
81167 
81170 
81175 
72985 
56605 
81188 
81189 
72999 
56621 
81204 
81208 
73016 
179517 
56640 
179530 
81228 
56656 
179540 
114015 
81248 
179554 
56674 
114021 
179561 
73065 
114030 
56688 
114034 
179573 
81270 
73078 
179582 
56703 
81281 
114050 
73091 
114052 
179589 
179596 
114060 
81292 
56718 
114064 
179602 
73106 
56728 
179610 
114075 
114076 
81309 
179614 
73122 
56741 
179622 
56744 
81322 
56748 
179629 
73134 
114097 
179636 
81332 
81334 
56760 
245177 
73146 
56763 
114108 
245181 
56765 
245182 
81343 
81344 
245185 
245186 
245187 
73159 
81355 
56781 
114127 
56783 
56786 
73172 
81366 
81367 
81372 
179677 
73184 
56801 
179682 
114147 
56803 
56806 
179688 
81387 
81388 
179693 
81392 
179699 
114163 
56821 
56823 
56824 
179706 
179711 
245248 
81408 
245249 
81409 
245250 
245251 
245252 
245253 
179717 
81413 
245254 
245256 
114184 
245257 
245258 
245259 
245260 
245261 
73229 
56845 
245262 
245263 
81423 
245264 
245265 
81425 
245266 
245267 
81427 
245268 
245269 
245270 
245271 
245272 
114200 
245273 
73241 
245274 
245275 
245276 
56861 
245278 
245279 
179743 
245280 
245281 
245282 
81442 
73253 
245286 
114215 
245288 
245289 
245290 
245291 
179755 
245292 
245294 
245295 
56879 
245296 
245297 
81457 
245298 
245299 
73267 
245300 
245301 
245302 
245303 
245304 
114232 
81464 
245305 
245306 
245307 
245308 
245309 
56893 
245310 
245311 
73279 
245312 
245313 
245314 
114248 
245323 
73292 
73293 
245326 
245327 
245328 
56912 
245329 
245330 
245331 
245332 
245333 
245334 
245335 
245337 
73305 
245338 
245339 
114267 
245340 
245341 
245342 
73310 
245343 
245344 
73315 
56933 
114281 
73323 
73327 
56951 
114297 
73337 
73343 
73348 
114311 
56970 
73356 
81553 
114325 
73368 
81562 
56988 
81566 
73375 
81568 
73378 
81573 
81576 
57003 
73388 
73391 
81585 
81589 
81591 
73399 
81594 
81595 
179903 
81601 
57026 
73411 
179909 
81611 
179916 
81613 
81615 
179922 
81618 
73427 
81620 
57046 
179928 
81630 
73442 
81639 
81643 
81646 
73454 
57075 
81655 
81658 
73468 
81663 
81665 
57095 
73484 
73501 
57117 
73505 
73518 
73520 
57139 
73533 
57150 
73535 
73545 
73552 
57172 
73558 
81751 
73564 
81763 
73575 
57196 
73582 
81775 
57212 
81790 
73600 
81802 
81814 
73631 
57248 
81830 
81832 
57263 
81841 
73653 
81847 
57277 
81855 
73664 
81863 
81866 
73676 
57294 
81875 
81879 
73687 
57310 
81891 
73699 
81893 
73711 
81905 
81906 
57330 
73723 
81917 
81918 
)

// ************************************************************************* //
