/*--------------------------------*- C++ -*----------------------------------*\
  =========                 |
  \\      /  F ield         | OpenFOAM: The Open Source CFD Toolbox
   \\    /   O peration     | Website:  https://openfoam.org
    \\  /    A nd           | Version:  dev
     \\/     M anipulation  |
\*---------------------------------------------------------------------------*/
FoamFile
{
    version     2.0;
    format      binary;
    class       cellSet;
    location    "constant/polyMesh/sets";
    object      latrenaledx2;
}
// * * * * * * * * * * * * * * * * * * * * * * * * * * * * * * * * * * * * * //


4676
(
114689 
131077 
131080 
114705 
98323 
131094 
245783 
131097 
98339 
114725 
131110 
131114 
98353 
114739 
114743 
98362 
131133 
131134 
114750 
98374 
131146 
114763 
98385 
131158 
98399 
131171 
102 
103 
131185 
131199 
98434 
131215 
98450 
131228 
98468 
131242 
114861 
98485 
131259 
114877 
190 
98504 
131274 
16586 
114894 
131286 
131292 
131300 
131303 
238 
239 
240 
241 
131314 
114934 
131319 
65786 
114941 
114943 
65794 
131333 
131335 
114958 
65808 
131348 
131352 
131353 
65823 
65831 
131368 
65835 
33069 
196913 
131379 
310 
65847 
311 
312 
313 
131392 
65865 
131405 
65877 
131417 
65891 
131431 
98665 
65906 
131443 
98676 
131455 
115071 
65920 
98692 
33176 
65945 
98714 
131483 
115101 
98730 
131499 
65966 
115123 
131515 
98748 
65981 
131524 
115140 
98760 
66000 
131539 
115156 
98774 
197080 
131554 
98792 
66028 
197102 
131566 
98804 
82420 
66039 
131584 
66050 
131595 
98827 
66067 
98839 
131608 
66078 
98853 
131622 
66097 
131635 
98869 
115257 
98873 
131642 
66106 
131647 
115269 
66123 
131661 
16974 
115285 
131673 
66138 
66148 
131686 
115302 
115317 
131704 
66169 
131715 
66187 
98960 
131731 
98963 
66199 
98974 
246434 
66214 
131751 
98986 
131762 
66226 
99001 
262848 
262850 
262851 
262852 
99016 
262857 
131785 
262858 
262859 
131805 
131816 
115439 
131837 
115459 
131854 
115474 
115488 
131876 
197414 
131889 
115506 
99133 
131910 
99143 
99153 
131926 
99168 
131943 
99181 
131965 
99197 
99216 
197521 
99230 
132001 
66469 
99242 
132016 
66483 
99254 
66493 
132030 
99268 
132041 
66510 
99280 
132054 
132056 
99293 
66525 
992 
993 
197602 
994 
132067 
115683 
995 
996 
997 
132070 
998 
999 
1000 
99305 
17385 
1001 
1002 
1003 
1004 
1005 
132081 
115697 
132083 
99317 
132095 
115712 
132098 
132113 
115729 
132116 
115744 
132135 
132137 
132140 
115761 
115767 
115781 
132175 
132179 
115795 
132183 
115808 
132201 
132209 
115828 
132213 
132226 
132230 
115847 
132235 
99473 
99475 
99478 
132247 
115865 
132251 
132253 
115881 
99499 
99500 
99502 
132273 
115899 
132285 
132300 
99537 
115924 
99540 
99542 
132315 
115954 
99574 
132343 
99575 
99580 
115971 
132360 
1297 
1298 
1299 
132372 
115988 
1300 
1301 
1302 
1303 
1304 
1305 
1306 
1307 
1308 
1309 
1310 
99615 
1311 
1312 
1313 
132386 
1314 
1315 
99620 
116006 
99624 
132402 
116025 
132417 
116038 
132432 
116051 
132442 
116069 
132457 
116084 
132471 
132482 
116105 
116108 
116118 
132517 
116133 
198066 
132531 
116152 
214459 
132541 
1473 
1475 
1476 
132553 
116169 
132566 
116189 
132582 
116202 
116204 
132596 
116220 
34303 
17919 
132608 
17929 
116235 
132621 
116248 
132634 
132649 
132672 
214599 
132679 
132687 
198234 
132701 
198244 
198245 
198246 
198247 
198253 
132717 
198254 
198260 
198261 
198262 
198263 
198264 
198265 
198269 
132734 
198282 
132746 
198285 
132759 
116380 
198307 
198308 
116394 
132779 
198317 
132792 
100025 
116410 
132809 
116426 
100048 
132826 
116442 
100063 
132836 
116453 
132849 
116466 
100084 
132865 
116482 
116501 
132886 
132890 
116518 
132903 
132906 
116538 
132923 
132925 
231233 
116552 
132941 
132943 
132957 
116574 
132960 
67424 
67425 
116592 
132979 
132980 
116610 
132995 
132997 
133004 
133007 
116625 
133019 
133023 
116641 
133036 
133038 
116659 
100286 
133057 
100297 
116682 
133068 
100310 
133082 
116699 
100323 
133096 
116718 
100335 
133110 
215036 
116735 
100355 
133130 
133133 
116752 
100370 
198682 
133149 
133151 
100383 
116769 
133166 
100399 
133169 
116786 
133177 
116796 
133181 
2111 
2112 
116803 
100421 
2119 
133192 
2120 
215113 
2121 
2122 
133196 
231505 
116817 
2133 
2134 
100443 
133213 
100446 
116832 
100448 
67680 
133229 
100461 
100465 
116850 
67699 
100469 
2166 
2167 
2168 
133245 
2173 
2174 
2175 
67712 
116868 
34948 
2182 
100487 
2183 
2184 
133258 
100491 
2189 
100494 
198799 
2191 
2192 
2193 
2194 
67731 
116885 
133273 
100511 
100513 
100516 
116903 
67751 
133294 
100533 
116920 
100536 
100538 
133310 
116938 
100556 
133327 
100568 
133342 
116960 
100578 
264421 
264422 
116966 
264423 
264424 
264425 
264426 
133354 
264427 
264428 
264429 
264430 
100592 
133367 
116984 
133371 
231681 
100611 
133381 
117000 
133385 
117013 
133401 
133405 
133418 
117036 
133421 
133434 
133437 
117055 
18761 
133454 
2382 
2385 
117074 
133467 
67931 
2397 
2399 
2400 
2401 
117091 
67944 
133483 
67956 
2421 
117110 
100726 
133500 
2430 
67967 
199040 
2438 
67979 
133519 
100753 
51604 
199073 
133539 
100772 
2479 
133554 
100787 
133569 
100803 
2505 
133583 
231891 
231892 
231893 
231894 
2521 
133597 
2531 
2532 
2533 
133612 
117233 
133630 
117251 
133643 
199183 
117269 
133655 
133672 
117288 
100907 
133698 
100935 
215624 
232017 
117329 
133715 
100958 
133732 
100975 
215665 
133748 
2676 
2677 
2678 
100994 
133764 
133780 
101012 
101023 
133795 
101035 
133812 
101045 
117437 
133827 
101059 
117453 
101075 
133844 
117467 
101088 
232162 
101095 
101107 
133881 
117497 
101125 
133897 
117517 
248591 
133912 
101147 
133924 
101160 
133936 
101174 
133957 
101192 
133970 
101208 
133983 
101227 
133997 
232311 
232312 
232313 
232314 
134010 
232315 
232316 
101244 
232317 
232318 
232319 
232320 
232321 
232322 
232323 
232324 
232325 
232326 
232327 
232328 
232329 
232330 
134026 
232331 
101259 
232332 
232333 
232336 
232337 
232338 
134034 
232341 
232342 
101270 
232343 
232344 
232345 
232346 
232347 
232348 
232349 
232350 
134046 
232351 
232352 
232353 
232354 
101283 
117671 
134062 
101296 
134077 
101310 
101325 
134095 
101341 
134110 
134122 
101354 
134136 
101371 
35844 
101384 
134153 
101400 
134171 
134173 
101413 
134187 
134191 
101428 
101437 
101450 
134219 
134220 
85073 
101462 
134238 
134240 
101475 
134255 
216176 
101488 
134257 
68721 
101505 
134274 
3207 
3212 
3213 
3214 
101520 
134289 
3225 
134302 
101536 
134317 
101553 
3254 
3259 
134332 
101564 
134350 
3287 
134362 
117982 
134371 
117990 
3308 
3311 
134385 
3326 
134401 
3344 
101651 
3347 
134424 
101670 
134439 
3374 
101686 
3382 
3383 
183610 
249147 
134459 
249148 
249149 
249150 
249151 
249152 
249153 
249154 
249155 
249156 
249157 
249158 
249159 
249160 
249161 
249162 
101706 
249163 
249164 
3404 
249165 
134477 
249166 
249167 
249168 
249169 
249170 
249171 
249172 
249173 
249174 
249175 
249176 
249177 
249178 
249179 
249180 
3420 
249181 
249182 
101726 
249183 
134495 
249184 
3424 
249185 
249186 
249187 
200035 
249188 
249189 
249190 
249191 
249192 
249193 
249194 
249195 
249196 
249197 
249198 
249199 
249200 
249201 
249202 
249203 
249204 
249205 
3445 
249206 
134518 
249207 
134519 
249208 
249209 
249210 
134534 
3463 
134536 
3465 
134542 
134546 
3476 
134555 
134561 
3490 
3492 
134571 
134574 
3511 
134590 
3525 
3528 
134604 
134607 
134619 
3552 
118247 
134637 
3569 
134652 
3585 
118278 
134672 
3600 
101909 
134684 
3614 
134700 
118321 
3633 
118328 
134729 
233043 
134745 
3676 
101985 
3684 
134764 
101998 
3694 
69232 
134777 
102012 
69245 
3709 
3710 
134791 
102024 
3727 
102036 
134805 
3742 
3745 
134819 
102055 
200365 
3763 
134836 
102068 
134847 
3778 
102083 
3781 
134860 
3795 
102100 
134874 
134880 
3809 
3820 
134895 
134900 
102137 
134913 
134918 
3849 
134931 
134934 
3863 
134947 
134951 
3879 
233259 
233260 
233261 
233262 
233269 
134965 
233270 
233273 
134969 
3900 
233278 
233279 
233280 
233281 
3910 
134985 
3921 
134999 
3937 
135012 
3950 
102255 
135024 
3953 
135036 
102268 
3966 
3969 
53126 
102282 
3983 
3984 
102290 
3991 
3996 
135069 
3998 
102305 
4003 
4009 
4011 
135087 
102322 
4018 
184243 
4025 
4028 
135103 
102338 
135114 
102349 
4048 
4057 
135132 
4060 
102365 
102377 
135147 
4075 
200693 
135159 
4087 
69628 
4095 
135175 
69641 
4109 
69654 
135191 
4121 
4123 
118819 
69667 
135208 
4138 
118832 
69680 
200758 
200759 
200763 
200764 
200767 
200768 
200769 
200770 
4162 
135235 
200772 
200773 
4165 
200774 
200777 
200778 
200779 
69707 
200780 
200781 
200782 
200783 
20559 
200784 
200785 
200786 
4178 
200787 
200788 
200789 
200790 
200791 
135255 
200792 
200793 
69721 
200794 
200795 
200796 
102492 
200797 
200798 
200799 
200800 
200802 
200803 
4195 
200804 
4196 
200805 
200806 
200807 
69735 
200809 
135273 
200810 
200811 
200813 
102509 
200814 
200815 
200816 
200817 
200819 
200820 
69748 
200822 
200823 
200824 
135288 
200825 
4217 
200826 
200827 
102523 
200828 
200829 
200830 
200831 
200832 
200833 
69761 
200834 
200835 
200836 
200837 
200838 
135302 
200839 
200840 
4232 
200841 
200842 
200843 
200844 
200845 
200846 
200847 
102543 
200848 
200849 
200850 
200851 
200852 
37012 
200853 
200854 
200855 
200856 
4248 
200857 
135321 
200858 
200859 
200860 
200861 
200862 
200863 
200864 
200865 
200866 
200867 
200868 
200869 
200870 
135334 
200871 
4263 
200872 
200873 
200874 
200875 
200876 
200877 
200878 
200879 
200880 
200881 
233650 
200882 
200883 
4275 
200884 
200885 
200886 
200887 
135351 
200888 
200889 
200890 
200891 
200892 
200893 
200894 
200895 
200896 
200897 
200898 
200899 
200900 
200901 
135365 
200902 
200903 
4295 
200904 
200905 
200906 
200907 
200908 
200909 
200910 
200911 
200912 
200913 
135377 
200914 
4306 
200915 
200916 
266453 
200917 
266454 
200918 
200919 
200920 
200921 
200922 
200923 
200924 
200925 
200926 
200927 
200928 
200929 
4321 
200930 
200931 
200932 
200933 
200934 
200935 
4327 
200936 
200937 
200938 
4330 
200939 
200940 
135404 
200941 
200942 
200943 
200944 
200945 
200946 
200947 
200948 
200949 
135413 
200950 
4342 
200951 
200952 
200953 
200954 
200955 
200956 
135420 
200957 
200958 
200959 
200960 
200961 
200962 
200963 
200964 
200965 
200966 
4358 
200967 
200968 
200969 
200970 
200971 
200972 
200973 
135437 
200974 
200975 
200976 
200977 
200978 
200979 
200980 
4372 
200981 
200982 
200983 
200984 
200985 
200986 
135450 
200987 
200988 
200989 
200990 
200991 
200992 
4385 
200994 
200995 
200996 
200997 
200998 
200999 
102695 
201000 
201001 
201002 
201003 
135467 
201004 
135469 
201006 
201007 
201008 
201009 
4401 
201010 
201011 
201012 
201013 
102709 
201014 
201015 
201016 
201017 
135481 
201018 
201019 
135483 
201020 
201021 
201022 
201023 
201024 
201025 
201026 
201027 
4419 
201028 
135493 
201030 
201031 
135495 
201032 
201033 
201034 
102730 
201035 
201036 
201037 
201038 
201039 
201040 
201042 
135506 
201043 
201044 
4437 
201046 
135510 
201048 
201049 
201050 
201051 
201052 
201053 
201054 
201055 
102751 
201056 
135520 
201057 
201058 
135523 
4451 
201060 
201061 
201062 
201063 
201064 
201074 
135538 
102770 
4467 
135550 
4481 
102795 
135564 
4494 
102801 
4502 
135575 
102813 
135586 
4514 
102830 
4528 
201139 
135605 
135608 
102848 
4545 
135623 
135625 
4563 
102868 
135637 
102869 
135640 
102879 
135650 
4579 
135654 
102896 
4592 
135665 
135669 
4604 
102910 
135686 
102920 
4618 
135699 
4635 
135709 
4649 
135722 
4663 
135742 
4674 
4689 
135763 
103006 
135776 
103009 
4707 
103012 
103015 
21095 
103018 
103019 
135792 
4722 
103029 
103034 
103036 
201344 
103040 
4736 
135811 
103044 
103046 
4748 
103059 
135829 
103062 
4760 
103066 
103068 
103069 
103071 
135847 
4777 
103087 
103090 
135861 
103094 
4790 
103096 
103099 
103100 
135874 
4806 
103117 
135888 
103120 
103122 
4819 
103125 
103126 
201431 
135901 
4832 
135909 
4842 
135921 
4855 
135933 
4872 
135949 
201489 
4888 
135962 
103205 
4905 
135980 
103218 
135992 
4922 
103231 
136008 
4938 
136011 
103247 
136022 
4953 
103263 
136035 
4968 
103280 
136050 
4980 
136063 
103295 
4999 
136077 
5006 
136085 
5020 
136094 
103326 
54178 
5035 
103342 
136111 
5048 
103357 
136130 
70594 
5065 
201675 
234444 
136144 
5081 
136159 
5098 
136174 
5115 
136194 
201732 
5129 
136211 
250908 
5149 
136224 
5164 
201774 
136240 
5189 
136269 
5205 
103516 
136290 
5218 
103532 
136305 
5234 
103552 
5248 
136323 
201865 
136335 
5263 
103568 
136349 
5277 
103588 
136363 
5292 
136377 
103614 
5310 
185537 
136392 
5325 
103632 
136404 
103646 
5342 
136415 
136420 
136421 
5351 
103658 
136427 
136429 
234741 
218360 
136440 
136442 
103674 
136452 
136454 
5383 
136464 
136466 
5397 
136480 
5413 
136494 
5429 
136506 
136520 
136534 
5464 
120159 
103778 
136553 
5481 
5483 
136566 
5501 
136585 
5516 
136596 
136608 
103846 
103847 
5549 
136626 
251317 
251318 
5561 
71098 
251323 
251324 
251325 
251326 
251327 
251329 
251330 
251331 
103875 
251332 
136644 
251333 
103878 
5578 
234956 
136653 
251342 
251343 
251345 
87507 
87510 
5590 
136665 
87514 
87516 
5603 
136676 
103913 
103914 
87530 
136688 
87538 
5618 
136691 
87541 
87545 
136702 
136706 
5638 
103944 
136715 
87563 
87564 
136717 
87566 
87567 
136727 
5656 
136730 
87578 
136740 
87590 
87591 
136744 
87592 
5672 
103987 
87605 
5686 
5689 
202302 
5696 
136770 
5709 
136786 
104018 
5724 
87645 
87647 
87648 
104034 
136808 
5738 
104050 
87672 
136826 
5754 
104064 
87686 
5769 
136845 
104077 
120471 
87703 
5787 
136867 
87719 
5799 
136883 
104116 
87733 
5813 
5824 
136897 
5836 
202447 
136913 
267994 
5851 
136925 
136931 
5866 
136941 
5875 
202486 
136950 
5885 
136962 
235269 
235270 
235271 
235273 
235274 
5898 
235275 
235276 
235277 
136973 
235278 
235279 
202511 
235280 
235281 
235282 
235283 
235284 
235285 
235287 
235288 
136984 
235289 
5913 
235290 
235291 
235292 
235293 
235294 
235295 
235296 
235297 
235298 
235299 
136995 
235300 
235301 
235302 
235303 
5927 
235304 
235305 
235306 
235307 
235308 
235309 
235310 
235311 
202543 
137007 
235312 
235313 
235314 
235315 
235316 
235317 
235318 
235319 
5943 
235320 
104248 
235321 
235322 
137018 
235323 
235324 
235325 
235326 
235327 
235328 
235329 
104257 
235330 
235331 
235332 
235333 
202566 
137030 
5958 
235335 
235336 
235337 
235338 
235339 
235340 
104268 
235341 
235342 
235343 
235344 
235345 
235346 
235347 
235348 
137044 
235349 
235350 
235351 
5975 
235352 
104280 
235353 
235354 
235355 
235356 
235357 
235358 
235359 
235360 
235361 
235362 
235363 
137059 
235364 
104292 
235365 
235366 
235368 
5992 
235369 
235370 
235372 
235373 
235374 
235375 
235376 
235377 
235378 
137074 
235379 
235380 
235381 
6005 
235382 
235383 
235384 
235385 
235386 
235387 
235388 
235389 
137086 
6020 
137105 
219026 
6035 
55189 
202651 
137123 
6052 
137141 
6070 
137151 
219075 
6083 
137169 
6099 
22484 
104407 
104409 
137182 
6113 
104419 
104430 
6126 
137200 
137202 
104445 
137215 
6144 
137218 
88067 
88072 
137229 
6158 
137233 
88081 
88082 
88091 
6171 
137247 
88096 
137249 
6184 
137257 
137259 
88107 
88109 
6198 
88121 
88125 
137278 
6206 
137281 
88136 
137289 
88137 
88139 
6219 
137300 
6231 
88160 
88161 
88163 
6244 
137317 
137329 
252020 
88182 
104567 
88186 
137344 
6273 
88198 
104585 
6285 
137359 
6298 
104604 
88220 
137374 
88223 
88225 
6310 
137385 
104621 
88237 
6322 
137398 
88247 
88248 
104638 
137409 
6338 
137413 
137422 
137425 
6354 
137435 
137438 
137443 
137445 
6374 
137449 
137450 
6384 
219390 
6398 
219392 
219403 
6413 
121108 
6426 
104740 
6438 
6451 
104759 
6465 
104777 
6481 
104791 
6495 
104808 
6509 
6523 
6534 
6547 
6557 
6572 
6583 
6597 
6611 
6626 
6639 
6652 
55809 
203274 
6666 
6685 
6696 
39466 
6710 
6713 
6718 
105025 
6724 
6725 
6731 
105036 
6733 
6739 
6740 
6746 
105052 
6749 
6757 
6759 
105068 
6774 
105085 
6789 
105101 
6806 
105117 
219812 
6821 
105131 
6836 
105141 
105155 
6854 
6863 
6865 
105170 
105182 
6878 
6882 
105189 
6890 
105196 
105203 
6899 
6901 
6911 
105217 
6916 
219914 
105228 
6929 
6932 
105240 
105252 
6948 
6950 
72490 
203569 
105266 
6967 
6969 
105286 
6988 
6994 
105306 
7006 
105319 
7021 
105342 
7041 
88971 
88982 
203674 
88996 
89000 
7081 
89013 
89016 
7101 
105408 
89030 
89032 
7114 
105428 
89047 
7129 
89051 
105443 
7142 
7155 
105463 
105473 
7170 
7188 
105499 
7202 
105514 
203826 
7219 
105525 
7224 
105529 
105535 
89151 
7237 
89164 
7250 
89176 
7267 
7283 
7297 
7313 
236690 
7318 
7331 
7337 
7350 
7354 
7367 
7369 
105676 
7382 
7385 
7394 
7406 
7421 
7434 
105748 
7448 
105766 
7463 
7477 
105785 
7493 
105799 
7507 
7522 
105835 
7538 
105851 
7554 
105865 
105872 
7574 
105879 
7588 
105898 
7600 
105907 
105919 
7616 
7628 
105933 
7641 
105947 
7655 
105967 
7667 
105981 
7686 
105996 
7696 
7710 
106015 
73255 
7722 
106032 
7738 
106045 
106056 
7754 
7767 
106072 
7779 
106088 
7793 
106101 
7806 
220812 
7824 
7838 
7852 
122550 
7866 
122562 
89797 
7879 
89812 
106199 
7902 
220898 
89827 
89835 
7921 
7924 
106230 
89846 
220922 
7939 
7942 
7946 
106251 
7961 
7962 
7964 
106269 
7979 
106285 
7984 
7988 
8001 
8008 
8023 
188250 
8036 
8049 
8062 
8071 
106386 
8086 
8094 
106402 
221095 
90026 
8109 
106415 
90041 
106427 
8125 
90055 
106444 
8144 
90072 
139228 
90085 
8165 
8173 
8176 
8187 
8201 
8215 
8233 
8252 
8265 
8280 
106594 
8296 
8312 
8317 
8329 
8333 
8346 
221339 
8348 
254117 
254118 
254119 
254120 
254121 
8361 
254122 
8362 
254123 
254124 
254125 
254126 
254127 
254128 
254129 
254130 
254131 
254132 
254133 
254134 
254135 
254136 
8376 
254137 
8377 
254138 
254139 
254140 
254141 
254142 
254143 
254144 
254145 
254146 
254147 
254148 
254149 
254150 
254151 
254152 
254153 
254154 
254155 
237771 
254156 
254157 
8397 
254158 
254159 
8399 
254160 
254161 
254162 
254163 
172243 
254164 
254165 
254166 
254167 
254168 
254169 
254170 
254171 
254172 
254173 
254174 
8414 
254175 
8415 
254176 
254177 
254178 
8419 
8421 
8431 
8432 
90353 
90359 
8443 
8445 
90370 
90374 
8455 
106765 
8467 
106775 
90394 
90396 
8480 
106788 
90411 
8491 
90412 
106799 
8503 
106810 
90434 
90440 
8521 
8535 
8550 
8562 
221556 
8575 
156039 
106891 
8602 
106908 
74146 
8617 
106922 
8630 
106939 
8643 
106956 
8655 
221648 
106973 
8672 
106986 
8684 
8696 
107004 
8707 
107017 
8718 
221717 
107029 
238112 
8737 
107043 
8749 
107054 
8772 
107082 
8786 
107101 
8800 
8817 
8822 
8826 
107138 
8841 
8844 
107149 
8848 
8863 
107168 
8866 
8867 
123566 
107185 
8884 
8886 
8888 
107200 
107216 
107230 
8928 
221922 
8939 
107249 
8955 
8956 
90877 
107263 
107274 
8970 
90891 
8971 
107288 
221977 
8986 
221980 
90908 
8988 
107299 
9000 
90922 
9002 
9004 
107310 
107320 
90938 
9023 
107334 
9034 
90955 
107348 
107349 
90965 
9047 
90977 
107363 
9059 
107365 
9072 
90993 
107378 
107379 
91003 
9087 
238465 
107393 
107394 
238467 
238468 
238469 
238470 
238471 
238472 
238474 
238475 
91019 
9104 
91025 
238490 
238491 
238492 
238493 
9117 
238494 
238495 
91039 
238496 
238497 
238498 
238501 
238502 
107430 
238503 
107432 
9131 
91052 
107438 
107441 
107444 
238517 
107446 
238519 
238520 
238521 
91065 
238522 
9146 
238523 
238524 
238525 
238526 
107456 
107459 
107461 
107462 
107465 
91082 
107467 
91084 
9164 
9167 
107478 
107480 
91097 
107482 
107483 
91099 
9181 
107487 
9186 
107491 
91110 
91111 
9198 
107506 
9202 
91125 
107510 
91127 
107512 
107514 
107515 
107516 
9215 
9219 
91142 
91144 
107535 
9231 
107537 
107540 
107543 
107546 
107547 
9249 
9262 
222265 
123976 
123981 
123985 
9305 
123996 
123999 
124003 
124007 
9322 
124012 
124023 
9336 
124025 
124029 
91263 
91269 
91272 
124046 
124048 
124051 
9366 
91290 
91291 
91294 
140450 
124069 
124072 
124073 
124074 
124077 
91315 
91316 
91318 
124096 
124097 
124101 
91338 
91341 
91342 
124123 
124126 
9441 
9443 
124136 
9452 
91374 
91378 
91381 
124152 
9465 
124154 
124160 
124164 
9477 
124167 
91407 
9494 
124183 
124187 
124189 
91424 
9505 
124206 
124207 
91440 
9520 
124209 
9534 
91459 
124228 
124230 
124232 
124233 
124235 
9549 
91474 
9566 
124255 
124257 
124260 
9578 
124280 
206201 
206202 
124282 
206203 
124283 
206204 
9596 
206205 
206206 
206207 
206208 
206209 
206214 
206218 
206219 
206220 
206221 
206222 
124302 
124303 
124306 
9619 
124308 
124309 
9636 
124332 
206253 
206255 
9653 
107962 
42426 
206274 
9667 
206277 
107974 
206281 
124365 
206287 
206288 
9680 
206289 
124369 
206290 
206292 
107988 
206293 
206297 
206298 
206299 
9692 
206301 
206304 
124384 
108000 
206305 
206306 
206308 
206311 
206312 
9704 
124399 
206322 
124403 
206325 
206328 
206329 
9721 
206330 
206331 
206332 
206333 
206334 
206335 
206336 
206337 
206338 
206339 
9732 
206341 
206342 
124422 
206343 
206344 
206345 
206346 
206347 
206348 
206349 
206350 
206351 
206352 
206353 
9746 
206355 
206356 
206358 
124439 
206360 
206361 
124441 
206362 
206363 
206364 
206365 
206366 
206367 
9759 
206368 
206369 
206370 
206371 
206372 
206374 
206375 
206376 
206377 
206378 
124458 
206379 
206380 
9773 
206382 
206383 
206387 
206392 
206393 
206394 
206395 
206396 
124481 
124486 
9798 
206407 
206410 
206411 
206412 
206413 
206414 
206415 
206416 
206417 
206418 
206419 
206420 
206422 
124502 
206423 
206424 
206425 
26201 
9817 
206426 
206427 
206428 
206429 
206430 
206431 
206433 
206435 
206436 
206438 
206439 
124520 
9832 
206441 
206443 
239214 
206446 
206447 
206448 
206450 
206452 
206453 
206454 
9847 
206466 
206470 
9862 
206471 
124560 
9876 
91797 
124570 
124576 
9889 
206500 
206501 
206502 
206503 
91815 
206505 
206507 
206508 
206509 
9901 
206510 
206511 
206512 
206513 
124593 
206514 
206515 
206517 
91832 
206521 
206522 
9914 
206524 
206525 
206529 
206530 
206531 
124611 
124614 
206535 
206536 
9928 
206537 
206538 
206539 
91851 
206540 
206541 
206542 
206544 
206545 
206548 
206549 
9942 
124632 
91869 
206563 
206566 
206570 
9962 
91883 
206572 
206575 
206576 
206577 
206578 
206580 
206581 
124661 
124663 
9975 
91899 
206593 
206594 
206595 
9987 
206596 
206598 
206600 
91916 
124685 
10000 
206617 
206619 
124699 
206620 
206622 
124702 
206623 
206624 
91936 
206626 
10018 
206628 
206629 
206630 
206632 
206633 
206634 
206635 
206636 
206637 
206638 
206639 
10031 
91952 
124722 
10043 
206654 
206655 
206656 
206657 
124738 
124742 
10056 
91977 
206668 
10066 
206675 
206676 
206677 
206678 
206680 
206682 
206683 
206684 
206686 
91998 
206688 
10081 
206690 
206691 
124771 
206692 
206693 
206694 
206695 
206697 
206699 
206700 
206701 
10093 
206702 
206703 
206704 
92016 
206705 
124785 
206706 
206707 
206708 
124788 
206709 
206711 
206713 
10105 
206714 
206715 
206716 
206717 
206718 
206719 
206720 
206721 
92033 
206722 
206723 
206724 
206725 
124805 
206726 
10118 
206729 
206730 
124811 
206733 
10125 
124815 
206736 
206739 
206741 
206742 
206743 
206744 
206745 
206746 
206747 
206748 
10140 
206749 
206750 
206751 
206752 
206753 
206754 
124834 
206755 
92067 
206756 
206757 
206758 
206759 
206760 
206761 
206762 
206763 
206764 
10156 
206765 
206766 
206767 
206768 
206769 
206770 
206772 
124852 
206774 
206775 
124855 
206776 
206777 
206778 
206779 
206780 
10172 
206782 
206784 
206786 
206788 
206791 
206792 
206793 
124873 
10185 
206794 
206795 
206796 
206797 
206799 
206800 
206801 
206802 
206803 
206804 
206805 
206806 
10198 
206807 
206809 
124890 
206811 
124894 
92165 
92176 
190493 
124957 
92189 
256031 
256032 
256033 
124963 
256038 
256039 
256040 
256041 
256042 
256043 
256044 
108590 
124975 
92208 
124979 
10291 
256052 
256053 
256054 
239670 
256055 
256056 
10296 
108601 
92217 
124989 
124991 
10307 
108621 
125007 
10320 
125010 
10332 
108638 
125026 
125028 
223339 
10348 
223341 
108659 
125046 
10361 
125050 
125053 
10373 
108681 
125067 
125069 
125072 
10385 
108693 
10398 
125089 
125091 
125095 
108711 
10414 
108728 
125113 
125116 
10428 
125119 
108740 
10442 
125136 
125140 
125141 
108757 
10455 
125160 
108778 
10476 
125175 
108792 
10492 
92416 
108804 
10504 
125193 
92434 
108820 
10517 
125212 
10530 
92452 
108837 
10542 
125233 
92465 
108850 
10556 
108863 
92480 
125254 
125256 
10568 
223561 
223565 
108878 
223567 
92497 
10581 
125270 
125274 
108892 
92513 
10594 
125288 
10603 
125292 
92528 
125305 
125308 
92541 
223616 
223618 
223620 
92555 
92563 
125338 
125340 
92572 
27039 
92585 
125362 
92598 
125377 
125379 
92612 
10693 
125394 
125408 
125412 
109043 
125429 
109060 
109061 
125446 
125448 
109077 
125467 
125476 
109092 
125479 
109120 
109133 
92754 
109139 
109142 
109143 
109145 
92771 
109160 
109163 
109167 
109172 
92788 
109173 
109187 
125573 
109189 
92807 
109198 
109200 
109201 
92823 
109216 
109220 
109222 
125607 
109223 
109228 
125622 
125636 
109252 
109256 
109258 
109259 
125654 
223964 
109276 
223966 
223969 
109282 
109294 
125689 
109309 
207615 
109323 
142092 
125711 
109340 
125726 
109352 
125740 
109365 
125757 
109378 
125774 
109392 
109408 
125795 
109420 
125806 
93041 
109435 
125824 
93059 
109449 
125835 
109452 
109465 
93091 
109479 
125871 
125873 
109494 
93112 
125888 
109505 
125891 
93127 
109520 
125907 
125911 
93150 
109536 
93154 
125925 
125927 
109550 
93172 
93177 
109565 
109577 
93193 
93196 
125968 
109587 
125981 
125984 
93217 
93219 
126002 
93236 
126009 
126013 
93250 
126030 
126039 
126048 
126052 
126070 
109694 
126084 
126088 
109708 
224399 
126105 
109724 
109737 
240810 
126124 
126128 
109750 
126150 
109772 
126171 
109787 
126177 
109793 
109805 
126192 
126211 
109841 
126229 
126235 
109854 
224547 
109865 
126250 
175406 
126256 
109880 
126270 
126272 
109895 
93513 
126288 
126290 
93528 
109917 
109919 
126304 
93536 
126307 
93544 
109934 
109936 
257393 
126324 
93562 
126338 
109955 
109958 
93579 
126364 
109988 
109992 
126380 
110010 
126398 
110014 
126416 
110034 
224729 
126430 
110049 
110064 
126449 
126462 
110079 
110090 
126475 
110104 
126495 
110119 
126507 
126514 
110131 
110135 
93761 
110148 
126540 
93774 
110164 
126559 
126561 
110177 
93793 
110187 
93806 
44654 
126578 
110201 
77435 
93820 
126597 
126599 
110215 
61078 
110232 
126617 
110236 
110246 
126631 
110249 
126637 
110265 
126650 
110268 
208573 
126668 
44749 
126670 
110286 
110287 
126697 
61161 
110319 
110325 
126711 
126728 
126743 
208667 
126756 
241454 
126776 
126781 
208706 
126795 
126796 
94040 
126813 
126814 
94046 
94050 
94053 
94054 
94057 
126829 
110445 
126834 
94075 
94078 
126847 
110464 
94081 
126852 
94084 
94087 
94089 
94094 
94095 
94097 
94099 
94101 
94103 
126872 
110488 
94115 
126884 
94118 
94120 
110507 
94124 
94126 
94129 
126899 
110526 
126913 
94151 
94153 
94155 
94158 
126929 
94161 
94163 
126947 
126962 
126973 
126988 
127002 
110621 
110623 
127008 
110626 
110629 
110632 
127019 
110637 
110639 
94271 
127044 
94286 
110675 
110679 
110681 
127066 
110684 
110688 
94304 
110690 
110691 
127079 
110706 
94323 
110708 
110709 
127094 
110713 
110716 
110721 
110724 
127110 
94347 
110738 
110740 
110741 
110743 
127128 
110745 
94361 
110748 
110749 
94365 
94369 
94371 
94374 
127143 
94376 
110765 
110768 
110770 
110773 
94390 
127159 
110777 
94394 
110779 
110780 
94398 
94400 
94401 
94402 
127175 
110797 
94415 
94417 
94420 
127193 
94425 
94426 
110811 
94429 
94435 
94442 
94443 
94446 
94448 
127217 
94449 
12532 
110838 
143607 
94464 
94465 
127234 
94466 
94468 
110854 
94470 
94472 
127250 
110871 
127266 
241956 
110889 
127284 
110907 
127298 
110928 
127316 
110946 
127334 
94575 
110963 
127350 
94589 
127370 
94602 
127378 
94611 
127390 
94625 
45478 
127404 
94643 
127420 
111046 
127438 
111058 
127443 
127457 
111073 
258530 
258531 
258532 
127460 
258533 
258534 
258535 
258536 
258537 
258538 
258539 
258540 
258541 
258542 
258543 
258544 
258545 
258546 
111090 
258547 
258548 
127476 
258549 
258550 
127478 
258551 
258552 
258553 
258554 
258555 
258556 
111100 
258557 
258558 
258559 
258560 
258561 
258562 
258563 
258564 
258565 
258566 
258567 
258568 
258569 
94729 
258570 
127499 
127504 
94740 
127518 
94753 
127522 
94770 
127548 
127562 
127573 
242264 
127594 
111221 
127611 
94850 
111242 
127628 
127632 
94866 
111260 
127645 
127648 
94884 
111275 
127662 
127665 
94903 
111295 
127680 
127683 
94918 
127700 
127703 
111319 
127714 
127718 
127726 
127728 
111347 
127745 
111362 
127748 
127762 
111379 
127766 
95003 
95007 
127779 
95011 
111396 
127782 
95015 
95018 
95020 
45871 
127799 
95031 
111416 
111419 
95036 
111421 
111423 
95039 
95041 
111426 
95044 
95045 
111431 
127817 
111438 
111441 
111444 
95060 
95062 
127831 
95064 
111449 
95066 
95068 
111455 
95071 
111458 
127845 
95083 
95087 
111472 
127857 
95090 
111476 
95092 
95094 
111479 
95097 
111483 
111484 
111488 
127876 
95111 
95114 
95115 
95123 
111508 
95125 
111510 
111511 
95127 
111512 
111515 
111517 
127913 
95146 
111532 
111534 
111538 
111542 
111545 
111547 
95164 
127935 
95183 
242644 
127957 
242647 
242649 
242650 
242651 
242652 
242653 
242654 
242655 
242656 
242657 
242658 
242659 
242660 
95204 
242661 
242662 
242663 
242664 
242665 
127977 
242666 
242667 
242668 
242669 
242670 
242671 
242672 
242673 
13297 
242674 
242675 
242676 
95220 
242677 
242678 
242679 
242680 
242681 
242682 
242683 
242684 
127996 
242685 
242686 
242687 
242688 
242689 
242691 
242692 
242693 
242694 
242695 
242696 
242697 
242698 
242699 
242700 
242701 
242702 
128014 
242703 
242704 
242705 
242706 
242707 
242708 
242709 
242710 
242711 
242712 
242713 
242714 
242715 
242716 
242717 
242718 
242719 
242720 
128032 
242721 
242722 
242723 
242724 
242725 
242726 
242727 
242728 
242729 
242730 
242731 
242732 
242733 
242734 
242735 
242736 
242737 
242738 
242739 
128051 
242740 
242741 
242742 
242743 
128057 
128070 
128072 
128084 
128086 
95325 
95326 
95332 
128103 
95335 
128105 
210026 
95339 
95341 
128117 
128122 
95356 
95359 
95361 
95364 
95366 
95369 
111754 
95385 
111771 
95389 
128160 
95392 
95394 
95397 
95401 
111786 
128179 
95413 
95414 
95417 
111802 
95421 
128193 
95427 
95429 
128203 
111820 
95436 
95447 
95450 
128221 
95453 
111846 
128234 
111850 
111859 
128246 
128251 
111867 
111873 
128272 
128286 
128302 
62786 
128328 
128348 
128364 
95616 
128388 
95637 
46489 
46492 
95652 
128430 
95667 
128452 
128469 
95704 
95709 
128485 
95722 
95725 
128499 
95741 
95743 
128512 
112136 
128527 
95760 
128529 
95763 
112156 
128542 
128544 
95779 
95780 
128555 
112174 
128559 
112185 
128578 
128581 
112199 
128595 
128596 
128612 
128628 
128642 
128652 
95896 
128666 
95903 
95908 
95912 
128681 
128695 
95930 
95936 
95940 
128709 
95945 
128723 
14038 
95963 
95968 
95976 
95977 
128747 
128761 
95994 
95999 
112386 
96004 
112390 
128777 
96009 
96023 
128792 
112408 
112411 
96027 
96031 
96035 
128809 
112428 
112432 
128828 
112448 
112450 
128841 
112466 
112471 
128856 
112478 
259935 
259936 
259937 
259938 
194402 
259939 
259940 
259941 
259942 
128870 
259946 
128883 
128898 
128901 
128917 
128918 
128932 
128935 
128946 
128948 
128965 
128966 
128988 
128993 
129006 
129011 
112635 
47102 
129024 
47106 
129029 
112651 
96270 
129046 
129050 
112670 
96290 
112687 
63536 
96306 
129081 
96313 
112702 
129089 
96327 
129097 
129110 
96349 
129122 
96368 
129138 
96381 
129154 
129166 
96400 
129179 
96419 
129195 
112813 
96436 
112824 
129212 
96452 
129223 
112842 
129237 
96470 
112860 
96483 
112871 
129262 
96499 
112888 
63737 
112892 
129277 
112894 
112896 
112897 
112901 
96519 
47372 
129293 
96534 
112922 
129307 
112923 
112925 
112928 
112932 
112934 
96551 
129322 
112943 
96569 
129338 
112958 
112960 
112962 
112965 
112967 
96583 
129352 
112969 
96599 
96600 
96604 
129374 
112991 
112992 
112994 
112996 
112999 
96616 
113002 
129388 
96620 
96623 
129401 
96637 
113023 
96639 
113025 
113026 
96642 
113027 
113030 
129415 
113033 
129421 
113041 
96658 
96660 
113045 
96661 
129430 
211351 
113049 
113052 
113056 
96673 
129444 
113060 
96677 
96681 
113074 
129459 
113077 
113079 
113086 
113088 
129474 
113091 
195020 
31187 
113111 
113116 
113119 
195041 
129507 
113123 
113126 
129511 
113128 
195061 
129525 
129528 
195065 
63997 
113150 
113154 
113155 
195076 
113157 
96773 
129543 
113161 
129546 
64010 
113164 
47638 
129563 
129567 
113185 
64037 
113190 
113193 
96809 
113196 
129581 
129584 
64048 
113202 
113204 
129601 
129602 
113222 
96849 
64081 
129618 
113237 
64091 
129631 
129641 
113262 
195184 
96880 
129653 
64117 
195192 
96897 
64129 
113283 
129670 
129673 
96913 
113300 
96916 
129685 
96917 
96918 
129688 
96921 
96925 
211615 
129699 
96935 
129704 
96937 
96939 
96942 
96945 
129714 
113330 
96946 
129717 
96955 
96957 
195262 
96960 
211649 
96961 
96963 
113350 
96966 
64201 
15055 
96977 
129747 
96979 
64211 
96980 
96982 
113368 
96986 
64218 
96989 
129758 
113377 
129762 
211683 
64230 
113384 
129770 
64237 
97012 
129783 
97015 
97017 
113402 
97018 
97020 
64252 
97021 
129797 
64267 
97036 
113421 
129811 
64280 
97053 
113438 
129824 
64294 
129833 
97067 
113453 
64308 
129845 
97079 
195388 
113468 
97092 
64324 
129861 
211783 
113486 
129873 
64341 
97110 
195419 
97116 
113504 
129892 
64359 
97128 
97131 
113520 
129906 
97142 
97144 
64376 
129922 
113538 
195462 
97158 
97160 
97165 
129935 
97167 
129936 
113556 
97176 
129948 
64413 
129951 
97187 
113577 
129967 
97201 
129971 
113592 
129983 
97215 
129985 
113612 
129998 
97230 
64463 
130002 
64477 
113630 
130017 
130021 
211944 
113646 
113648 
130035 
130036 
195574 
64503 
113663 
130050 
130054 
64523 
113682 
130069 
130072 
195610 
64543 
113699 
130084 
130089 
212014 
113716 
130108 
113727 
64578 
130119 
130128 
113748 
97366 
64598 
97367 
97371 
130141 
97373 
97378 
113764 
97382 
64615 
130154 
113779 
97395 
64629 
97399 
130168 
97404 
97407 
130176 
97410 
97411 
113796 
130183 
130190 
97424 
97427 
130197 
113813 
97432 
97435 
97436 
130206 
97438 
130213 
97450 
130219 
113838 
97454 
97456 
97458 
130227 
97459 
97460 
130233 
97475 
97477 
97479 
97481 
97483 
97486 
130275 
179439 
130289 
130301 
130314 
113933 
195864 
130330 
113953 
245028 
130353 
113970 
130370 
113986 
130388 
97622 
114007 
97633 
130406 
97650 
130424 
97670 
130441 
130452 
97692 
130464 
130465 
130478 
130480 
15803 
130493 
130496 
81353 
130509 
130511 
130527 
114143 
261612 
130541 
114162 
130555 
97793 
114181 
130569 
97805 
130582 
114198 
97818 
114212 
130598 
97832 
130612 
97845 
130621 
97856 
130632 
114252 
97870 
130644 
97880 
65112 
114266 
130657 
130661 
97894 
114282 
65135 
130674 
130675 
97909 
114300 
65151 
130688 
130691 
114315 
130702 
130703 
65174 
130717 
114333 
130719 
65190 
114350 
130735 
130749 
65217 
114371 
130761 
65233 
130770 
114389 
98014 
130783 
261857 
261858 
261859 
261860 
261861 
261862 
130790 
261863 
261864 
261865 
261866 
261867 
114411 
98027 
261868 
261869 
261870 
261871 
261872 
261873 
130801 
261874 
261875 
65267 
130811 
98045 
114430 
65284 
130823 
114445 
98061 
65300 
130837 
114464 
98083 
130852 
245546 
245547 
245548 
245549 
245550 
130865 
114482 
245560 
245562 
245563 
98107 
245564 
245565 
130878 
245567 
114504 
130890 
98123 
245580 
245581 
245582 
245583 
245584 
245585 
245586 
130903 
98139 
114524 
130920 
114541 
98162 
130936 
98179 
114565 
130951 
130956 
180114 
130973 
114595 
196516 
130991 
114614 
131005 
114635 
131020 
131033 
114652 
131044 
98282 
114672 
131060 
131063 
98302 
)

// ************************************************************************* //
