/*--------------------------------*- C++ -*----------------------------------*\
  =========                 |
  \\      /  F ield         | OpenFOAM: The Open Source CFD Toolbox
   \\    /   O peration     | Website:  https://openfoam.org
    \\  /    A nd           | Version:  dev
     \\/     M anipulation  |
\*---------------------------------------------------------------------------*/
FoamFile
{
    version     2.0;
    format      binary;
    class       cellSet;
    location    "constant/polyMesh/sets";
    object      latrenalesx1;
}
// * * * * * * * * * * * * * * * * * * * * * * * * * * * * * * * * * * * * * //


4784
(
180224 
180225 
81921 
180226 
4 
5 
180231 
180233 
180234 
180235 
98315 
180236 
12 
180237 
13 
180238 
81937 
180244 
180245 
180247 
180249 
180251 
27 
28 
180253 
81950 
180255 
98335 
180257 
180258 
180261 
180262 
180265 
81961 
180266 
180267 
98349 
180273 
180274 
180275 
180276 
180279 
180280 
180281 
81986 
98372 
98384 
82002 
84 
82006 
98396 
93 
94 
82021 
82023 
98416 
82037 
82040 
98428 
98440 
82056 
82058 
82070 
98457 
82091 
98476 
82103 
98492 
82116 
98506 
207 
82128 
208 
209 
210 
211 
212 
213 
216 
82137 
218 
98523 
180445 
180453 
180457 
180463 
180468 
98548 
98564 
98584 
98585 
98597 
98599 
82216 
303 
304 
305 
306 
98612 
98613 
82232 
98625 
98628 
82246 
98639 
98643 
82261 
98657 
82276 
98672 
82292 
180600 
82296 
180603 
98683 
180609 
180613 
98697 
82313 
180619 
82315 
82323 
98709 
82325 
82336 
98722 
82341 
98726 
98735 
180660 
98740 
82357 
82360 
180668 
98751 
98754 
180679 
180686 
98770 
98772 
180693 
98808 
98810 
98824 
522 
98828 
262672 
529 
532 
533 
534 
82455 
535 
98840 
536 
262681 
537 
262682 
538 
262683 
539 
262684 
98844 
540 
541 
542 
543 
544 
545 
82466 
546 
547 
548 
549 
550 
551 
98856 
552 
553 
98858 
554 
555 
556 
557 
558 
82479 
559 
560 
561 
562 
563 
564 
566 
567 
568 
569 
570 
571 
572 
573 
574 
98880 
576 
98881 
577 
578 
579 
580 
582 
583 
584 
82507 
588 
589 
590 
591 
592 
593 
594 
595 
98900 
596 
597 
82519 
601 
602 
603 
605 
606 
607 
608 
98914 
610 
611 
612 
613 
614 
615 
616 
617 
618 
619 
620 
621 
98927 
634 
98940 
98953 
98969 
98982 
98995 
99010 
180934 
82630 
82634 
180939 
180944 
99028 
262869 
180949 
262871 
262872 
262873 
82649 
262874 
82650 
262875 
262876 
262877 
180957 
82676 
82677 
99072 
82691 
82692 
181001 
181003 
181006 
181009 
82705 
181010 
99091 
82707 
181012 
181024 
181025 
82721 
181027 
181028 
181030 
181031 
99111 
82734 
181044 
181046 
99126 
181048 
181050 
82746 
181052 
181054 
99138 
181060 
181065 
181068 
82765 
181072 
181075 
181076 
99158 
181080 
82777 
181082 
181085 
181088 
181089 
99170 
181092 
82792 
99184 
82805 
99199 
82817 
82833 
99224 
82845 
99239 
82857 
82859 
99250 
82869 
82871 
99263 
82882 
82883 
181191 
99276 
181202 
181209 
99289 
82908 
82909 
181217 
99303 
181226 
82926 
82930 
99316 
99328 
99345 
99361 
99399 
99415 
83045 
99437 
83062 
99455 
83083 
99469 
83102 
99490 
83119 
99511 
83141 
99531 
83156 
99547 
83166 
83172 
99561 
83178 
83189 
99576 
99582 
83202 
181509 
99590 
181513 
99593 
181518 
83214 
181523 
181529 
99610 
83228 
99614 
99621 
99625 
83242 
1337 
1338 
83259 
1339 
99644 
1340 
1341 
1342 
99647 
1343 
1344 
1345 
1346 
1347 
1348 
99653 
1349 
1350 
83271 
1352 
99658 
83286 
99676 
83298 
99684 
99689 
99691 
83310 
99709 
83326 
99712 
99716 
99721 
83339 
83342 
83351 
99736 
99739 
83360 
99755 
83371 
99759 
83382 
99774 
99779 
83395 
83406 
99793 
99797 
83418 
99813 
99814 
83434 
83435 
99832 
83450 
99835 
83451 
83466 
83468 
99853 
99857 
83481 
83482 
99870 
99874 
99890 
99899 
99910 
99912 
99932 
181855 
99935 
99938 
83554 
181860 
83556 
181866 
181871 
99952 
83568 
83571 
181876 
99956 
99960 
83582 
83584 
99975 
99976 
99978 
83594 
83596 
83607 
99993 
83609 
99999 
100001 
181922 
181923 
181924 
181925 
181926 
83622 
181927 
83624 
100011 
100014 
100017 
83634 
181939 
181940 
83636 
181941 
181942 
181943 
181944 
83647 
83651 
181956 
100036 
181957 
181959 
181961 
181963 
181964 
83661 
83663 
181971 
100052 
181973 
83671 
181976 
181978 
181980 
181981 
83677 
100064 
181987 
181988 
181989 
100069 
181991 
181993 
181995 
100082 
1786 
1787 
83712 
1794 
100099 
83716 
1800 
1801 
1802 
1803 
1804 
1805 
1806 
83728 
1809 
100114 
1810 
1811 
83732 
1812 
1813 
1814 
1815 
1816 
1817 
1819 
1820 
1821 
1822 
1823 
1826 
100131 
83747 
1827 
1828 
1829 
83750 
100145 
1841 
1842 
83766 
1847 
83768 
1848 
1849 
100162 
83780 
1861 
83783 
1866 
1867 
1868 
100179 
1875 
1876 
100183 
83802 
83805 
1888 
1889 
1890 
100197 
100200 
1897 
1898 
1899 
1900 
1901 
83822 
1902 
83825 
100213 
100216 
1913 
83840 
83842 
100232 
100235 
100240 
182162 
100244 
83861 
182166 
83865 
182174 
100258 
182182 
83880 
100269 
83887 
182193 
100281 
83898 
83904 
100294 
83917 
83921 
100306 
83934 
83937 
100322 
83950 
100337 
83954 
100352 
83970 
100365 
100380 
100402 
100407 
100419 
100432 
84060 
100450 
84076 
100470 
84089 
100483 
182406 
182408 
84104 
182409 
182410 
182411 
182412 
100497 
182418 
182419 
182420 
182421 
182422 
182423 
84119 
182429 
182430 
182431 
182434 
100514 
182436 
84134 
182439 
182442 
182443 
182445 
182448 
182449 
84145 
182450 
100531 
182454 
182459 
182460 
182461 
84160 
182466 
100548 
182469 
182470 
182473 
182474 
182475 
84174 
182480 
100561 
182482 
182483 
182484 
182485 
182486 
182492 
84188 
182493 
182494 
182495 
100575 
182497 
182498 
84196 
182503 
182504 
182505 
100585 
182507 
84205 
182510 
182514 
182516 
182517 
182520 
182521 
100601 
84217 
84231 
100617 
100620 
100623 
100625 
100628 
84245 
100630 
100643 
100645 
100647 
84267 
100652 
100655 
100658 
84282 
100675 
100676 
100677 
100679 
84296 
100683 
100687 
84308 
100702 
100704 
84320 
100707 
100711 
100714 
100717 
84338 
100727 
100730 
100733 
100735 
84351 
100738 
100742 
182665 
182666 
182672 
100756 
84372 
182677 
100760 
100761 
2457 
2458 
100763 
84389 
2470 
2471 
2472 
100777 
2473 
100778 
100780 
100781 
2478 
84402 
2482 
2483 
2487 
100795 
100797 
100800 
84416 
100802 
2500 
2501 
84428 
100813 
100816 
2515 
100820 
2516 
2517 
100822 
2518 
2519 
84443 
100832 
2528 
100835 
100839 
84455 
100843 
84467 
100861 
84484 
2564 
2565 
2566 
100877 
84497 
2577 
100892 
84512 
84525 
100911 
84545 
84561 
84566 
100955 
84581 
84583 
100977 
84596 
84600 
100993 
84612 
84617 
101007 
84633 
101020 
84636 
101033 
84650 
101048 
84665 
84678 
101063 
84690 
101077 
101098 
84716 
101112 
84736 
101131 
84755 
101151 
84770 
101167 
84787 
101179 
84807 
101196 
84825 
183132 
183134 
183136 
183139 
101219 
183140 
183141 
183148 
183149 
84845 
183150 
101232 
183153 
183156 
183157 
84858 
265085 
101246 
265087 
183167 
183168 
183169 
183170 
183173 
84870 
183175 
101256 
183181 
101264 
183185 
183187 
183188 
183189 
84886 
183191 
183198 
183201 
101281 
183204 
84901 
183206 
183207 
183208 
101292 
84914 
101304 
84928 
101314 
101327 
84943 
84958 
101345 
101359 
84978 
101370 
84995 
183301 
183304 
265225 
101385 
183309 
183314 
85010 
183319 
85025 
101420 
85039 
85049 
101443 
85059 
101458 
85074 
183379 
183383 
183389 
101470 
85088 
183394 
183399 
101483 
85100 
85115 
101501 
85124 
101515 
101527 
85144 
101540 
85158 
101556 
85173 
183481 
183482 
183483 
183484 
183485 
183489 
183492 
101572 
85188 
183495 
183496 
183497 
183498 
183499 
183504 
183505 
85201 
101586 
183508 
183509 
183510 
183511 
183516 
183517 
85213 
183519 
183520 
101600 
183521 
183524 
85220 
101606 
183527 
183529 
183530 
183531 
85227 
183532 
183533 
101616 
85240 
101634 
85254 
85263 
101650 
85274 
101669 
85288 
85304 
101689 
85316 
101708 
85332 
85344 
101734 
85355 
101754 
85373 
85376 
85396 
85399 
101784 
85414 
101800 
85419 
85431 
200122 
85434 
200124 
101822 
200127 
200129 
200132 
85444 
200135 
85447 
200136 
200137 
200138 
200139 
101836 
200143 
200144 
101840 
200145 
200146 
200149 
200151 
200153 
200154 
85467 
200156 
101853 
200158 
101854 
200159 
200160 
200161 
200163 
200164 
200165 
200166 
200167 
200168 
85482 
200171 
101867 
200172 
101868 
200173 
200174 
200177 
200178 
200179 
200180 
200181 
200182 
200183 
200184 
85496 
200185 
101881 
200186 
101882 
200187 
200188 
200189 
200190 
200191 
200192 
200193 
200194 
200195 
200196 
200197 
200198 
85510 
200199 
101895 
200200 
101896 
200201 
200202 
200203 
200204 
200205 
200206 
200207 
200208 
200209 
200210 
200211 
200212 
85524 
200213 
200214 
101910 
200215 
200216 
101912 
200217 
200218 
200219 
200220 
200221 
200222 
200223 
200224 
200225 
200226 
200227 
200228 
101924 
200229 
85541 
200230 
200231 
101927 
200232 
200233 
200234 
200235 
200236 
200237 
200238 
200239 
200240 
200241 
200242 
200243 
200244 
200245 
200246 
200247 
200248 
200249 
101945 
200250 
85562 
200251 
101947 
200252 
200253 
200254 
183870 
200255 
200256 
183872 
200257 
183873 
101953 
200258 
183874 
85570 
200259 
101955 
200260 
183876 
200261 
183877 
200262 
200263 
200264 
200265 
183881 
200266 
101962 
200267 
200268 
183884 
200269 
183885 
101965 
233038 
200270 
183886 
200271 
183887 
200272 
183888 
200273 
85585 
200274 
200275 
200276 
233045 
200277 
183893 
233046 
200278 
183894 
200279 
183895 
200280 
183896 
233049 
200281 
233050 
200282 
183898 
101978 
233051 
200283 
233052 
200284 
101980 
233053 
200285 
183901 
233054 
200286 
233055 
200287 
233056 
200288 
85600 
200289 
183905 
233058 
200290 
233059 
200291 
183907 
233060 
200292 
183908 
233061 
200293 
183909 
233062 
200294 
183910 
233063 
200295 
233064 
200296 
183912 
101992 
233065 
200297 
200298 
233067 
200299 
101995 
233068 
200300 
183916 
233069 
200301 
200302 
183918 
200303 
183919 
200304 
200305 
183921 
85617 
200306 
183922 
200307 
200308 
183924 
200309 
200310 
102006 
200311 
200312 
200313 
183929 
102009 
200314 
183930 
200315 
200316 
183932 
200317 
200318 
183934 
200319 
183935 
200320 
183936 
85632 
200321 
200322 
102018 
200323 
200324 
200325 
183941 
102021 
200326 
183942 
200327 
200328 
183944 
200329 
183945 
200330 
183946 
200331 
200332 
183948 
85644 
200333 
200334 
200335 
102031 
200336 
200337 
183953 
233106 
200338 
183954 
102034 
233107 
200339 
233108 
200340 
183956 
233109 
200341 
183957 
200342 
233111 
200343 
183959 
200344 
183960 
200345 
85657 
200346 
200348 
200349 
183965 
200350 
183966 
200351 
183967 
200352 
102048 
200353 
183969 
200354 
102050 
183971 
200356 
183972 
102052 
200357 
200358 
85670 
200360 
102056 
200361 
183977 
102057 
200362 
183978 
102058 
200363 
183979 
200364 
183980 
200366 
200367 
200368 
200369 
200370 
200371 
200372 
200373 
200374 
102070 
200375 
200376 
102072 
200377 
200378 
200379 
102075 
200380 
102076 
85693 
200382 
200383 
102079 
200384 
102080 
200385 
200386 
200387 
200388 
200389 
200390 
200391 
200392 
200393 
200394 
102090 
85706 
200395 
200396 
200397 
102093 
200398 
200399 
200400 
200401 
184017 
102097 
200402 
200403 
102099 
200404 
200405 
200406 
200407 
184023 
102103 
200408 
200409 
102105 
200410 
85722 
200411 
200412 
200413 
184029 
200414 
200415 
200416 
200417 
200418 
200419 
85731 
200421 
200422 
200423 
200424 
184040 
200425 
200426 
200427 
200428 
85740 
200429 
200430 
200431 
200432 
184048 
200433 
102130 
200435 
200436 
200437 
102133 
200439 
102135 
200441 
200442 
184058 
200443 
102139 
85755 
200444 
200446 
102142 
200448 
102144 
85760 
200449 
200450 
200451 
200452 
184068 
200453 
200454 
200455 
200456 
200458 
184074 
200459 
200460 
85772 
200461 
200462 
85774 
200463 
200464 
200465 
200466 
102162 
200467 
200468 
200469 
102165 
200470 
200471 
200472 
184092 
85790 
102175 
85793 
102180 
85808 
85812 
102200 
85828 
102213 
85830 
233292 
233299 
233300 
233301 
233302 
233303 
233304 
233305 
102233 
233306 
85850 
233307 
233308 
233309 
233310 
233311 
233312 
233313 
233314 
233315 
233316 
233317 
85863 
102248 
85874 
102263 
184188 
184189 
184191 
184192 
85888 
184195 
184197 
102278 
184200 
184205 
184206 
102286 
184208 
184209 
184211 
184216 
184217 
85914 
184219 
184220 
184221 
184223 
102304 
184226 
184228 
184229 
184231 
184232 
184233 
85932 
184237 
184239 
102319 
184240 
184241 
85944 
102336 
85957 
102352 
85969 
102355 
102368 
85984 
102371 
102383 
102384 
86001 
86012 
102398 
102399 
86028 
102418 
102419 
86042 
102438 
86054 
102452 
102459 
86075 
102472 
86090 
102490 
86107 
86122 
102507 
102519 
86138 
184443 
184445 
184446 
184448 
184449 
184450 
184454 
184456 
102536 
184457 
184458 
184459 
184460 
86156 
184465 
184466 
184467 
184468 
184470 
102550 
86166 
184471 
184475 
184476 
184477 
184478 
184479 
184480 
86180 
184485 
184486 
184487 
184488 
184490 
184492 
86195 
102591 
86208 
102609 
86228 
102624 
86245 
86254 
86267 
102656 
86284 
102676 
86306 
102703 
102705 
86323 
102711 
102714 
86341 
102732 
102734 
102737 
102739 
86360 
102758 
102759 
102760 
86378 
102763 
102778 
102782 
86400 
102786 
102788 
86436 
86457 
102850 
102864 
86480 
102878 
86498 
102895 
86514 
102908 
86526 
184842 
86541 
184846 
102926 
184850 
184854 
184859 
102939 
86557 
184864 
184869 
86566 
184872 
102952 
184875 
184880 
184885 
184886 
102966 
86583 
184888 
102969 
184892 
184893 
86589 
184895 
184899 
86596 
184902 
102982 
184904 
184908 
102988 
184910 
184911 
86608 
184916 
102996 
184918 
184919 
86620 
184925 
184930 
103011 
184936 
184941 
86637 
86641 
103026 
184947 
86653 
86657 
103048 
103050 
86669 
86671 
86683 
103070 
86686 
103074 
86699 
86700 
185008 
103091 
185013 
103095 
185018 
86714 
185023 
103110 
86729 
103114 
86744 
103133 
103136 
103146 
86766 
103158 
86779 
103169 
86796 
103182 
103195 
86811 
86824 
103210 
103214 
86838 
103225 
103228 
86851 
103242 
103246 
86867 
103258 
103259 
86880 
103274 
103277 
86894 
86909 
103294 
103297 
86933 
103320 
103325 
86951 
103339 
103341 
86965 
185270 
185272 
185274 
185276 
103356 
185278 
103358 
185279 
86978 
185285 
185287 
185288 
185290 
185291 
103371 
185293 
103375 
86992 
185299 
185301 
185303 
185304 
185305 
185306 
87005 
185313 
103393 
185314 
185315 
185316 
185318 
185319 
87020 
103406 
185329 
185330 
185332 
250870 
185334 
185335 
250872 
185336 
87032 
103418 
250882 
250883 
250884 
87044 
250888 
103434 
87055 
103444 
250901 
250902 
250903 
250904 
250905 
250906 
250907 
87068 
250910 
250911 
250914 
250915 
103459 
250916 
250917 
250918 
250919 
250920 
250921 
250922 
250923 
250924 
250925 
87085 
250926 
103470 
250927 
87087 
250928 
250929 
250930 
250931 
87095 
87099 
87106 
103493 
87110 
87123 
87126 
103512 
87138 
87139 
103530 
87153 
103551 
87170 
103556 
251014 
251015 
251016 
251017 
251018 
251019 
251020 
87187 
103572 
103576 
87201 
103592 
103594 
87218 
103609 
103611 
185534 
185539 
87240 
185545 
185550 
185556 
87257 
185565 
185566 
185569 
185570 
185576 
185577 
87273 
185582 
185583 
103666 
103668 
185589 
87285 
185590 
87299 
103686 
103687 
87316 
103704 
103706 
87331 
103721 
103723 
87344 
103735 
103740 
87356 
185674 
185676 
103758 
185679 
87375 
185681 
185682 
185683 
185684 
185689 
103769 
185691 
185692 
185693 
185694 
185696 
185698 
87395 
185702 
103783 
185704 
185705 
185708 
185709 
185710 
185711 
185716 
87412 
185717 
185718 
185719 
103801 
185722 
185724 
185725 
185733 
185734 
87431 
185736 
185737 
103817 
185740 
103822 
87438 
103826 
87447 
103832 
103834 
87466 
103852 
185773 
103856 
185777 
185782 
87478 
185787 
103868 
103871 
185792 
87496 
103887 
103891 
87515 
87528 
103917 
251383 
251384 
251385 
251386 
251387 
251389 
87549 
251390 
251391 
251392 
103936 
251393 
251394 
251395 
251396 
251397 
251398 
251399 
87568 
103957 
87582 
103970 
87601 
87607 
87623 
104014 
87635 
104030 
104035 
87653 
104049 
87666 
104051 
104063 
104065 
87681 
104078 
104080 
87701 
104091 
104093 
87713 
104107 
87728 
104120 
87743 
104132 
87757 
104146 
87773 
87775 
186082 
87780 
104165 
87782 
186088 
186094 
104175 
87793 
104179 
87795 
186100 
87811 
87813 
87827 
87830 
87847 
87852 
87867 
87870 
87884 
87886 
104284 
104285 
87901 
87903 
104299 
104301 
87918 
87919 
104318 
87937 
104322 
87959 
104358 
104360 
87976 
87990 
104375 
104386 
88002 
186309 
186313 
104397 
186322 
186323 
88020 
104411 
88032 
186341 
186342 
104424 
88046 
186351 
186353 
104439 
104440 
186363 
88060 
186365 
104453 
104454 
88073 
104466 
88083 
104468 
88093 
104481 
104485 
88103 
104498 
104501 
88124 
104510 
104512 
88134 
104526 
104527 
88149 
104538 
88154 
104541 
88166 
104554 
104556 
88173 
88185 
88187 
104572 
104574 
88204 
88205 
104595 
104601 
88224 
88226 
104614 
104620 
88246 
104633 
104636 
88260 
104655 
88271 
104657 
88283 
104670 
104672 
104677 
104679 
104689 
104690 
88313 
104702 
104704 
186626 
186627 
186628 
186629 
186630 
186632 
104715 
104716 
186637 
88333 
186639 
186640 
186641 
186642 
186645 
104727 
186649 
88345 
186651 
104732 
186653 
186656 
186657 
186658 
186662 
186664 
88360 
104745 
186666 
186667 
186668 
186669 
104749 
104751 
104753 
186675 
186676 
186679 
88375 
186680 
186681 
186682 
104765 
104770 
88389 
104775 
104779 
88407 
104792 
104795 
104800 
104802 
88422 
104812 
104816 
104819 
88437 
104822 
186744 
186749 
186754 
104835 
88453 
186758 
104839 
186763 
104843 
104853 
104868 
104869 
88487 
104882 
104883 
88514 
104902 
104904 
88530 
104917 
104921 
88549 
104935 
104938 
88566 
104956 
104957 
104959 
104961 
88579 
104980 
104981 
104982 
88600 
104985 
88615 
105001 
105003 
105008 
105010 
88643 
105028 
105031 
105037 
105040 
88661 
105055 
105057 
105060 
105061 
88677 
88696 
88712 
187027 
187028 
187030 
187031 
88729 
187036 
187038 
187039 
187041 
187046 
187047 
187049 
88745 
187051 
187055 
187057 
187058 
187059 
187064 
187065 
187066 
88762 
187069 
88784 
88798 
88838 
88854 
88872 
88891 
187200 
187201 
187202 
187203 
187204 
187205 
88905 
187211 
187212 
187213 
187214 
187215 
187218 
187222 
187223 
88919 
187224 
187226 
187228 
187229 
187233 
187234 
187236 
187237 
187239 
88935 
187240 
187246 
187247 
187248 
187251 
88951 
187259 
187263 
187267 
187272 
88970 
88975 
187281 
88981 
187287 
187293 
88991 
187299 
187305 
89005 
187311 
89024 
89036 
89050 
89065 
89078 
89092 
89108 
89121 
89134 
89167 
89184 
187494 
187500 
89196 
187506 
89206 
187518 
187525 
89222 
89235 
89254 
89271 
89286 
89302 
89328 
89345 
89358 
89370 
89383 
89395 
89412 
89426 
89436 
89453 
89467 
187779 
187782 
187784 
89482 
187792 
187795 
89491 
187797 
187804 
187805 
187806 
89502 
187807 
187808 
89504 
187809 
187816 
187818 
187821 
187822 
89518 
187824 
187825 
89522 
187831 
187832 
187833 
187835 
187836 
187837 
89537 
89538 
187843 
187844 
187845 
187849 
187851 
187852 
89551 
89553 
89571 
89582 
89598 
89613 
89627 
89642 
89661 
220736 
220743 
220745 
89674 
89686 
220769 
89700 
220774 
220775 
220784 
89714 
220794 
220795 
89729 
220810 
220814 
89743 
220819 
89758 
188071 
89773 
220852 
188084 
220853 
220854 
220855 
220856 
220857 
220858 
220859 
220860 
220861 
220862 
89790 
220863 
220864 
220869 
89804 
220885 
89816 
220900 
220901 
220902 
220903 
220904 
220905 
220906 
220907 
220908 
220909 
220910 
220911 
220912 
220913 
220914 
220916 
220919 
89850 
220936 
89866 
220946 
220947 
220948 
220949 
220950 
220951 
220952 
220953 
220954 
220955 
220956 
220957 
220958 
89886 
220959 
220960 
220966 
188200 
188201 
220970 
188202 
188203 
89899 
220972 
188207 
188208 
188216 
188219 
89916 
188221 
220990 
188222 
220992 
188224 
220993 
188225 
220994 
220995 
220996 
220997 
220998 
220999 
221000 
188232 
221001 
89930 
188235 
221005 
188237 
188239 
188240 
188241 
188247 
188249 
89945 
188251 
188254 
221025 
188257 
188259 
188263 
188266 
188267 
89963 
188268 
221037 
188269 
221039 
188271 
221040 
221041 
221042 
221043 
221044 
188276 
221045 
221046 
188278 
221047 
221048 
188280 
188281 
188284 
89980 
188285 
188290 
188292 
188293 
221062 
188294 
188295 
188297 
188304 
90000 
188308 
188311 
188312 
188317 
221086 
221087 
188319 
221088 
221089 
221090 
90018 
221091 
221093 
221094 
188327 
221096 
188328 
221097 
188330 
188331 
188333 
221102 
188334 
221103 
90036 
188345 
188348 
188350 
188351 
90053 
221141 
221142 
90070 
221144 
221145 
221151 
90083 
221158 
221159 
221160 
221161 
221162 
221163 
221164 
221165 
221166 
221167 
221168 
221169 
221170 
221171 
221172 
221173 
90101 
221184 
221186 
221190 
90118 
221191 
221194 
221195 
221196 
221197 
221198 
221199 
221200 
221201 
221204 
90132 
221205 
221207 
221213 
221214 
221215 
221218 
221219 
221220 
221221 
90151 
221230 
221231 
221232 
221233 
221234 
221235 
90163 
221236 
221237 
221238 
221239 
90191 
221276 
221277 
90205 
221278 
221290 
221291 
221292 
221293 
221294 
90222 
221295 
221296 
221297 
221298 
221299 
221305 
221306 
90235 
221309 
221310 
221312 
221314 
221315 
221316 
221317 
221319 
90250 
188555 
188566 
90266 
188576 
237734 
188583 
90281 
237741 
188589 
237744 
90306 
237764 
237765 
237766 
237767 
237769 
237774 
221390 
221391 
237776 
221392 
237777 
221393 
221394 
221395 
221396 
221397 
90325 
221398 
221399 
221400 
221401 
221404 
237789 
237790 
237791 
237792 
237793 
237794 
237795 
237796 
237797 
221413 
237798 
237799 
237800 
237801 
237802 
237803 
237804 
237806 
188655 
237809 
237810 
237811 
188659 
237812 
237813 
221430 
221431 
221432 
221433 
188665 
237818 
221434 
237819 
221435 
90363 
237820 
221436 
237821 
221437 
237822 
221438 
188670 
237825 
237826 
237827 
237828 
221444 
188676 
237829 
237830 
237831 
237832 
237833 
237834 
237835 
221451 
237836 
221452 
237837 
221453 
237838 
221454 
237839 
221455 
90383 
237840 
221456 
237841 
221457 
221458 
221459 
237844 
237845 
237846 
188706 
90402 
188708 
188711 
188712 
221481 
188713 
221482 
221483 
221484 
188716 
221485 
188717 
221486 
221487 
221488 
188720 
221489 
221490 
221491 
188723 
221492 
221493 
188725 
221494 
188726 
221495 
188727 
221496 
188728 
221497 
188729 
221498 
90426 
221499 
221500 
188736 
188737 
188738 
221508 
188740 
188742 
221511 
188743 
221513 
188745 
221514 
221515 
221516 
90444 
221517 
221518 
221519 
188751 
221520 
221521 
188753 
221522 
188754 
188756 
188757 
188758 
188759 
90457 
221531 
221532 
221533 
188765 
221534 
188766 
221535 
188767 
221536 
188768 
221537 
221538 
221539 
221540 
188773 
221544 
221547 
90475 
221548 
221549 
221550 
221551 
221552 
221553 
221554 
221555 
221559 
221560 
90488 
221566 
221567 
221568 
221569 
221570 
221571 
221572 
221573 
221574 
221575 
90505 
90509 
221589 
221590 
90519 
221592 
221593 
221599 
221600 
221602 
90530 
237987 
237988 
237989 
237991 
237992 
90543 
221616 
221617 
221618 
221619 
221620 
221621 
221622 
221623 
221624 
221625 
221630 
221637 
90566 
221640 
90578 
221658 
221659 
221660 
221661 
221662 
221664 
221666 
221667 
221669 
221670 
221671 
221672 
90601 
188912 
188913 
188915 
188918 
188919 
90615 
188920 
188925 
188926 
188928 
188929 
188931 
188932 
188937 
188938 
90634 
221707 
188940 
188941 
188942 
188943 
221713 
188949 
188950 
188951 
188953 
188955 
188956 
90652 
90655 
221730 
188962 
221731 
188963 
90659 
221732 
188964 
221733 
188965 
221734 
188966 
221735 
90663 
221736 
221737 
188969 
221738 
221739 
221740 
221741 
221742 
221743 
221744 
221745 
221746 
221750 
221752 
221753 
90681 
221754 
90685 
90687 
90689 
221763 
221764 
221767 
221771 
221772 
221773 
221774 
221775 
221776 
221777 
221778 
221779 
90707 
221780 
90708 
221781 
221783 
90711 
221784 
221785 
221786 
90714 
221787 
221788 
221789 
221790 
221791 
221792 
221793 
221794 
221795 
221796 
90729 
90730 
90732 
221807 
90735 
189052 
189057 
221826 
90756 
90757 
221830 
189062 
221831 
90759 
221832 
189064 
221833 
221834 
221835 
90763 
221836 
221837 
221838 
189070 
221839 
221840 
221841 
221844 
221846 
90781 
90795 
221877 
221879 
90811 
221891 
221892 
221893 
221894 
221895 
221896 
221897 
221898 
189130 
90826 
189131 
221900 
189133 
221902 
221903 
189135 
221904 
189136 
221905 
189137 
221906 
221907 
221908 
189142 
189143 
221912 
189144 
221913 
189146 
189147 
90843 
189148 
189152 
90849 
189154 
189157 
90853 
189160 
189161 
189162 
189166 
189167 
189169 
189171 
189172 
189173 
90871 
189177 
189179 
90876 
189184 
189185 
221956 
90885 
221958 
90888 
90901 
90909 
90923 
90925 
90943 
90953 
90964 
90975 
90988 
91004 
91016 
91021 
189330 
189331 
189333 
189334 
189335 
189336 
91032 
189342 
189343 
189344 
189345 
91042 
189347 
189348 
189354 
189355 
189356 
189357 
189359 
189360 
91057 
189365 
189366 
189367 
189368 
189369 
189370 
91071 
189376 
189377 
189378 
189380 
189381 
189382 
91087 
238553 
91103 
91117 
238576 
238577 
238578 
238579 
238580 
238581 
238582 
238583 
238584 
238585 
238586 
238587 
238588 
238589 
238590 
238591 
238592 
238593 
91137 
238594 
238595 
238596 
238597 
238598 
238599 
238600 
238601 
238602 
238603 
238604 
238605 
238606 
91151 
91167 
91180 
189511 
189512 
189514 
189515 
91211 
189516 
189517 
189520 
189525 
189526 
189527 
189528 
189530 
189531 
189533 
189537 
189538 
91234 
189540 
189544 
189546 
189547 
189548 
91248 
189553 
189554 
189556 
189557 
189558 
189559 
189560 
189566 
189571 
189572 
91268 
189573 
189580 
189586 
91282 
189591 
189597 
91298 
189603 
189610 
189618 
189623 
91320 
91324 
91325 
91328 
91331 
189637 
91334 
189652 
91348 
91350 
91352 
91354 
91357 
91359 
91364 
91366 
91367 
91371 
91372 
189677 
91373 
91384 
91388 
91390 
91391 
91393 
91395 
91409 
91412 
91414 
91416 
91418 
91419 
91435 
91438 
91456 
91458 
91472 
91475 
91491 
91495 
91509 
91511 
189847 
91543 
189849 
189850 
189851 
91547 
189852 
189853 
189859 
189860 
189863 
189864 
189867 
91563 
189868 
91566 
189873 
189875 
189876 
189878 
189879 
189880 
189886 
189887 
189888 
91584 
189889 
189891 
91588 
189893 
189898 
189899 
189901 
189903 
189904 
91601 
189906 
91603 
91621 
91625 
91639 
91655 
91671 
91686 
91699 
91707 
91717 
91733 
190039 
190045 
190049 
91748 
190053 
190054 
91764 
91782 
91794 
255642 
255653 
255654 
91814 
255655 
255656 
255657 
255658 
255659 
255660 
91830 
255676 
255677 
255678 
255679 
255680 
255681 
255682 
255684 
91845 
255689 
255691 
255693 
255694 
255695 
255696 
255697 
255698 
255699 
255700 
255701 
255702 
255703 
255704 
255705 
91866 
91875 
91896 
91910 
91923 
190249 
91948 
190256 
91953 
190262 
190267 
190273 
91969 
91972 
91992 
91996 
92008 
92011 
92031 
92035 
190345 
190347 
92048 
190354 
190359 
92057 
190366 
92071 
92083 
92095 
92114 
92129 
190441 
190442 
190443 
190444 
190445 
190446 
92146 
190452 
190454 
190456 
190458 
190459 
190461 
92159 
190466 
190467 
190469 
190470 
190471 
190473 
92170 
190480 
190481 
190484 
190485 
190486 
190487 
92187 
92191 
190508 
190509 
190510 
92206 
190512 
92210 
190515 
190516 
190520 
92218 
190523 
190524 
190525 
190526 
92222 
190527 
190533 
190534 
190535 
190537 
92234 
190539 
256076 
256077 
190541 
92238 
190546 
256084 
190548 
256085 
190549 
256086 
190550 
256087 
256088 
190552 
256089 
190554 
92250 
256091 
256092 
256093 
256094 
92254 
190559 
190561 
190567 
190568 
190575 
92275 
190581 
190587 
190593 
92291 
190601 
92308 
92323 
190640 
92338 
190645 
190646 
190647 
190657 
190659 
190661 
92361 
92363 
190670 
190672 
190673 
92369 
190682 
190686 
92383 
190690 
190697 
190698 
92400 
190706 
92403 
92421 
92425 
92430 
92442 
92445 
92450 
92463 
92468 
92472 
190781 
190786 
190793 
92491 
190800 
92504 
92520 
92534 
92550 
92557 
92565 
92575 
92588 
92602 
92616 
92618 
92621 
92625 
92628 
92631 
92641 
92643 
92648 
92651 
92655 
92658 
92668 
92670 
92674 
190981 
92677 
92678 
92681 
190991 
190997 
92695 
92697 
92699 
191004 
92701 
92703 
92704 
191009 
92719 
92721 
92723 
92725 
92735 
92736 
92756 
92770 
92787 
92805 
92819 
92841 
92859 
92874 
191184 
191187 
191193 
191195 
92896 
191205 
92902 
191207 
191216 
191217 
191223 
92919 
191224 
92922 
92937 
92939 
92955 
92959 
92972 
92976 
92992 
92995 
191304 
191305 
191307 
191310 
191312 
191313 
93015 
191325 
191326 
191327 
191329 
191330 
191331 
93028 
191343 
191344 
191346 
191347 
93044 
191349 
191351 
191362 
191363 
93060 
191365 
191366 
191369 
191373 
93082 
191397 
191398 
191399 
191401 
191403 
191406 
93102 
191410 
191414 
191415 
191416 
191417 
191418 
191424 
93120 
191425 
191426 
191428 
191429 
191430 
191436 
191437 
191439 
191441 
93137 
191444 
191445 
191448 
191453 
191454 
191455 
191456 
191457 
93158 
191464 
191466 
191467 
191468 
191470 
191471 
191478 
191479 
191481 
93178 
191483 
191485 
191486 
191492 
191494 
191495 
191496 
191497 
191498 
191504 
191505 
93202 
191507 
191508 
191512 
191513 
191518 
191519 
191520 
191523 
191524 
191526 
93222 
191533 
191539 
191541 
191546 
93245 
191551 
191559 
191562 
93260 
191566 
191572 
93282 
93304 
93320 
93336 
93357 
93378 
93402 
93413 
93430 
93448 
93467 
93488 
93491 
191801 
191807 
93508 
191813 
93511 
191816 
191820 
191826 
191829 
93527 
191834 
93530 
191836 
191841 
191842 
191846 
93542 
191849 
93547 
191852 
191854 
93564 
93567 
93591 
93604 
191918 
93618 
191923 
191929 
191933 
191939 
93642 
93662 
93678 
93679 
93682 
93684 
93690 
93693 
93705 
192011 
93708 
192014 
93711 
192017 
93714 
192019 
93716 
192024 
93720 
192025 
192030 
192031 
192035 
93731 
192037 
93734 
93735 
192042 
192043 
93739 
192044 
192045 
93741 
192048 
93744 
192049 
192052 
192055 
192056 
192057 
192059 
192060 
93756 
93757 
93759 
192064 
192066 
93763 
192068 
93765 
192070 
93767 
192072 
192073 
192078 
192079 
192080 
192081 
192082 
93778 
192083 
93782 
192088 
192089 
93785 
192090 
93786 
192092 
192093 
93791 
192096 
93794 
93814 
192123 
192124 
192127 
192128 
192130 
192131 
93827 
192134 
192136 
192137 
192139 
192140 
192141 
192146 
192147 
192148 
93844 
192149 
192151 
192152 
192156 
192157 
192158 
192160 
192161 
192163 
93862 
192167 
192168 
192170 
192172 
192173 
192174 
93876 
93895 
93910 
192233 
192237 
192242 
93943 
192248 
192253 
93961 
93979 
93998 
175936 
175937 
175938 
94019 
175944 
175945 
175946 
175951 
175953 
175954 
94035 
175957 
175959 
175962 
175965 
175967 
175968 
94059 
94076 
94135 
94156 
94173 
192486 
192489 
192493 
192495 
94193 
192499 
192500 
192505 
192506 
192513 
192515 
94215 
94234 
94257 
176184 
94268 
176191 
176198 
176204 
94285 
176212 
94303 
192609 
192610 
192614 
192615 
192616 
192617 
192622 
192624 
192625 
192626 
192627 
192628 
94328 
192634 
192635 
176252 
192637 
192638 
192639 
192640 
176259 
192646 
192647 
192648 
176265 
192650 
192652 
192653 
94349 
176272 
192658 
192659 
192661 
176277 
192662 
192663 
192665 
94363 
192671 
192676 
192682 
192688 
94385 
94403 
94424 
94440 
192751 
192756 
192760 
94460 
192765 
192771 
94482 
192805 
94502 
192810 
192815 
192821 
94520 
192827 
94523 
94534 
94536 
94548 
94552 
94564 
94567 
94579 
94582 
94600 
94608 
94624 
94638 
94651 
94662 
94670 
192976 
192981 
94679 
192987 
94686 
192992 
94691 
94747 
94760 
94784 
94802 
176733 
176734 
176735 
176736 
176737 
94818 
94835 
94837 
193155 
193156 
94854 
94857 
193162 
193164 
193168 
193170 
193175 
193177 
94873 
193180 
94877 
193183 
94891 
94894 
193214 
94910 
94911 
193219 
193224 
193229 
176848 
193234 
94931 
94932 
176853 
176858 
176863 
176865 
176872 
176877 
94959 
94962 
176883 
176889 
176894 
94978 
94982 
94996 
94998 
95017 
95021 
95042 
95059 
95075 
95095 
95110 
95121 
95122 
95133 
95136 
193442 
95155 
95157 
95174 
95177 
95196 
95199 
193504 
193506 
193507 
193509 
193510 
193511 
193515 
193516 
193517 
193519 
177135 
193520 
193521 
193525 
193526 
95222 
177143 
193528 
193529 
193531 
193532 
177148 
95228 
193541 
193542 
193543 
177159 
193544 
193546 
95242 
193547 
177165 
95246 
193557 
193558 
193559 
193561 
193562 
193563 
95265 
95269 
193602 
95298 
193604 
95301 
193607 
193608 
193610 
193614 
193615 
193618 
193619 
193622 
95318 
95320 
193627 
193628 
193630 
193631 
193632 
193639 
193640 
193641 
193642 
193644 
95345 
193652 
193653 
193654 
193655 
193656 
95370 
95388 
95408 
95428 
95448 
95452 
95478 
95481 
95495 
95497 
193804 
193808 
193813 
95509 
95512 
193817 
193821 
177440 
95523 
177446 
95527 
177451 
177455 
177461 
95546 
177467 
177468 
177473 
177475 
177479 
95561 
177482 
177486 
177487 
177492 
177494 
95578 
95592 
95606 
95625 
95630 
95638 
95653 
177580 
177584 
95665 
177588 
177594 
177600 
95680 
95698 
95716 
95734 
194045 
194052 
194058 
194059 
194066 
194067 
95769 
194079 
194081 
194088 
95784 
194095 
177711 
177716 
177720 
177725 
177730 
259661 
259662 
259663 
259671 
259672 
95832 
259673 
259674 
259675 
259677 
259689 
259690 
259691 
95852 
259698 
259699 
259700 
259701 
259702 
259703 
95869 
194175 
194179 
194183 
194187 
194191 
95894 
95917 
95941 
177869 
177872 
177878 
95962 
177884 
177891 
95971 
95991 
96019 
96041 
194356 
96057 
194363 
194365 
194366 
194379 
194380 
96078 
194390 
194391 
96105 
259960 
259963 
259964 
259965 
96125 
259967 
259968 
259969 
259970 
259971 
259972 
259973 
259974 
259975 
259976 
259977 
96168 
96196 
96215 
79832 
79845 
96239 
79859 
96257 
79873 
79887 
96273 
96291 
96307 
96317 
96325 
96344 
96362 
79985 
96378 
79998 
80010 
96401 
80025 
194714 
96421 
80039 
96433 
96449 
96467 
178413 
96493 
178414 
178415 
178416 
96497 
178419 
178421 
178426 
178428 
178431 
178432 
178433 
178434 
96514 
96517 
178444 
178445 
178446 
178448 
96529 
178451 
96532 
178454 
178460 
178463 
178465 
96547 
178469 
96549 
178471 
178473 
178482 
178484 
178485 
178486 
178487 
178489 
178501 
178507 
96587 
96589 
178514 
80211 
178518 
96602 
178524 
96606 
80226 
178532 
178538 
96621 
178544 
80240 
96625 
178549 
80254 
96640 
96644 
80266 
96663 
96666 
96686 
96701 
96717 
96734 
80358 
178665 
80363 
96750 
178672 
178679 
80379 
178685 
80381 
96768 
178691 
96771 
80401 
96786 
80403 
96790 
80415 
80417 
96810 
96812 
80430 
80433 
96844 
96850 
96861 
96864 
96886 
96901 
96912 
96929 
96959 
80577 
80588 
96973 
80601 
96988 
96993 
97004 
80630 
97022 
80643 
97034 
97049 
97062 
97074 
97090 
97105 
80728 
97122 
80744 
97135 
80758 
97149 
80777 
80781 
97168 
97181 
80798 
97193 
80809 
80822 
97208 
80833 
97221 
80843 
97237 
97241 
80858 
80870 
97256 
97262 
80882 
97276 
80895 
97281 
80905 
97294 
97298 
80924 
97314 
97317 
80936 
80949 
80958 
80969 
97361 
97365 
80989 
179303 
97386 
97387 
179308 
81007 
179313 
179318 
97401 
179324 
97408 
81028 
97421 
97428 
81048 
81070 
97467 
97485 
97501 
97509 
97529 
244997 
244998 
245000 
245001 
245002 
97553 
245016 
245017 
245018 
245019 
245020 
245021 
245022 
179486 
245023 
245025 
97570 
179493 
179499 
245038 
245039 
245040 
97584 
245041 
245042 
179506 
245043 
245044 
245045 
245046 
245047 
179511 
245048 
245049 
245050 
245051 
245052 
245054 
179518 
245055 
245056 
179520 
245057 
245058 
179522 
245059 
245060 
179524 
97604 
179525 
179526 
245064 
245065 
245066 
245067 
245068 
179532 
245069 
179533 
245070 
179534 
245071 
179535 
245072 
245073 
179537 
245074 
179538 
245075 
245076 
97620 
245077 
245078 
179544 
179545 
179547 
179548 
179549 
179550 
179556 
97636 
179558 
179560 
97641 
179563 
179564 
179565 
179570 
179572 
179574 
179575 
97656 
179577 
179578 
97661 
97686 
97688 
179617 
179619 
97703 
179625 
179626 
97706 
179631 
179633 
179640 
179641 
97725 
179647 
179648 
97729 
97751 
245210 
245211 
245212 
245213 
245214 
245217 
97768 
97782 
179715 
97798 
179723 
179728 
97811 
179733 
179738 
179745 
97825 
179746 
179748 
97829 
179750 
179751 
179752 
81452 
179757 
179759 
179760 
97840 
179762 
97842 
179764 
179769 
97850 
97854 
179776 
179777 
179779 
179782 
81479 
97864 
179785 
179786 
97867 
179791 
179792 
179793 
179795 
179796 
97877 
179798 
97881 
81497 
81510 
97896 
179824 
81520 
97910 
179835 
179845 
97925 
81541 
179852 
97938 
81554 
179862 
97954 
81572 
81587 
97975 
81599 
97996 
81621 
98016 
98028 
81650 
98042 
81668 
98068 
81684 
81700 
98085 
81713 
98103 
81723 
98116 
81737 
81749 
98136 
81761 
98155 
245616 
98160 
245617 
245618 
245619 
245620 
245621 
245622 
245623 
245624 
245625 
245626 
245627 
245628 
98172 
245629 
245630 
245631 
245632 
98176 
245633 
245634 
245635 
245637 
245638 
245639 
98188 
98191 
98203 
98206 
98220 
98224 
98246 
98265 
98279 
180215 
180216 
98296 
180220 
180221 
)

// ************************************************************************* //
