/*--------------------------------*- C++ -*----------------------------------*\
  =========                 |
  \\      /  F ield         | OpenFOAM: The Open Source CFD Toolbox
   \\    /   O peration     | Website:  https://openfoam.org
    \\  /    A nd           | Version:  dev
     \\/     M anipulation  |
\*---------------------------------------------------------------------------*/
FoamFile
{
    version     2.0;
    format      binary;
    class       cellSet;
    location    "constant/polyMesh/sets";
    object      topcarotidedx2;
}
// * * * * * * * * * * * * * * * * * * * * * * * * * * * * * * * * * * * * * //


7352
(
2 
245763 
49158 
6 
14 
15 
16 
49172 
49186 
39 
40 
41 
42 
43 
49201 
16439 
49209 
49221 
98390 
131159 
49242 
82019 
131173 
49259 
131186 
49270 
120 
121 
122 
124 
125 
126 
127 
131200 
128 
129 
131204 
49285 
131211 
131218 
49298 
131229 
131233 
49315 
196774 
131243 
131247 
49330 
131258 
131264 
49344 
131272 
49358 
131280 
131284 
49372 
131296 
180452 
180459 
131308 
131309 
180465 
180471 
131322 
180477 
131325 
131337 
131339 
274 
275 
131355 
49443 
131369 
131372 
49455 
308 
131382 
131385 
49468 
131396 
131399 
49481 
131410 
131412 
49494 
115042 
49509 
131442 
49522 
115059 
131454 
49536 
115074 
65923 
388 
389 
390 
391 
392 
393 
394 
395 
180620 
396 
397 
398 
399 
180624 
400 
401 
402 
403 
115092 
404 
405 
180630 
131478 
406 
49559 
407 
262552 
408 
262553 
409 
262554 
410 
262555 
411 
262556 
180636 
412 
262557 
413 
262558 
414 
262559 
415 
262560 
416 
262561 
417 
262562 
418 
262563 
180643 
419 
262564 
420 
131493 
421 
49574 
422 
115111 
423 
424 
425 
131508 
115127 
49591 
131512 
49594 
197059 
131523 
115142 
49610 
131532 
49614 
131536 
115158 
131544 
131549 
49629 
49633 
16866 
115171 
131558 
131560 
115176 
197098 
197100 
197101 
49646 
49649 
131573 
115190 
131575 
49662 
49663 
131588 
66055 
131592 
197130 
115210 
197131 
197132 
197134 
197135 
197136 
197137 
197139 
197140 
197141 
131605 
115221 
197142 
197143 
131607 
197145 
197146 
197149 
197150 
197151 
197152 
131616 
197154 
197155 
197157 
197158 
197159 
131623 
115239 
197160 
197161 
197162 
197163 
197164 
197165 
197166 
197167 
131631 
197168 
197169 
197170 
197171 
197172 
197173 
197174 
197175 
131639 
197176 
197177 
197178 
197179 
197180 
197181 
197182 
115263 
197184 
131651 
131660 
197197 
115280 
131667 
197211 
131675 
131679 
115297 
49762 
131693 
49774 
131695 
197232 
197234 
131708 
49789 
131722 
49802 
197264 
49816 
131737 
131739 
131740 
131743 
131746 
246436 
131750 
49831 
131761 
131763 
131766 
49846 
131769 
131770 
131771 
131773 
197310 
197315 
49859 
197316 
197317 
197318 
197319 
197320 
197321 
197322 
131786 
197323 
131787 
197324 
131789 
131790 
131791 
131792 
49872 
131795 
197337 
197339 
49885 
131807 
197346 
131813 
49895 
131817 
131818 
131821 
49902 
131824 
131825 
131827 
49913 
131836 
131840 
131843 
131845 
131846 
49927 
131848 
131849 
49941 
131867 
197407 
197408 
197409 
197410 
197411 
197412 
197413 
197415 
197416 
49960 
197417 
197418 
197419 
197420 
197421 
197422 
131886 
197423 
197424 
197425 
197426 
197427 
197428 
197429 
49973 
197430 
197431 
197432 
197433 
197434 
197435 
197436 
197437 
131901 
197438 
197439 
197440 
197441 
197442 
197443 
197444 
49988 
197445 
197446 
197447 
197448 
197449 
197450 
197451 
131915 
197452 
197453 
197454 
197455 
197456 
197457 
197458 
197459 
197460 
50004 
17238 
131933 
50017 
17258 
50030 
131952 
17271 
50043 
197504 
131968 
115585 
197506 
50053 
17289 
197514 
115594 
181132 
115597 
50062 
17294 
181136 
181142 
115608 
17304 
50073 
131994 
181148 
181154 
197540 
50088 
132009 
115625 
197548 
197553 
50101 
132024 
115641 
246715 
50115 
132036 
181194 
115658 
181195 
181197 
181198 
181199 
132047 
181201 
50130 
181206 
181208 
115674 
181211 
181212 
132060 
181213 
181215 
50143 
181221 
181222 
181223 
132072 
181225 
115690 
181228 
17388 
181229 
50160 
181237 
132085 
181240 
181243 
115708 
181245 
50173 
181247 
181248 
132102 
50184 
181258 
197645 
181261 
181263 
115727 
181268 
132117 
50197 
115741 
50210 
132132 
115759 
50224 
132147 
115766 
132151 
50231 
132158 
132161 
181315 
132163 
115779 
181320 
50248 
132169 
132172 
132173 
181326 
181333 
50262 
132185 
181339 
132188 
132190 
132192 
50279 
132205 
132206 
132207 
132212 
115830 
50298 
50301 
132223 
132224 
132225 
181378 
132229 
181384 
50315 
181390 
50318 
132243 
132249 
181402 
50330 
50333 
181411 
132261 
132266 
50346 
115885 
50351 
132284 
50365 
50368 
132298 
132314 
132321 
132334 
115956 
181500 
132348 
132363 
181516 
181525 
132376 
181533 
181540 
132391 
50476 
116015 
132405 
50491 
132419 
50505 
132430 
116058 
132443 
50523 
132460 
50540 
116090 
50554 
132475 
50558 
132485 
116104 
50575 
116112 
50584 
198044 
132512 
116128 
198055 
50599 
17832 
132526 
50611 
116148 
132544 
50627 
116165 
50630 
132557 
50641 
50644 
116181 
17879 
132570 
50656 
214499 
50659 
17894 
132583 
116201 
116206 
50672 
50675 
181749 
132599 
17913 
116218 
181755 
181760 
17925 
181766 
116230 
1543 
132616 
50698 
1546 
181772 
1548 
17933 
1550 
1551 
1552 
198161 
1553 
1554 
132628 
116247 
50714 
99869 
17949 
132643 
50725 
116263 
181807 
132655 
50739 
181812 
132665 
116281 
50745 
181820 
181824 
181830 
50758 
116297 
1614 
1615 
1616 
1617 
1618 
1619 
132692 
1620 
1621 
1622 
1623 
50776 
1624 
116313 
1625 
1626 
1627 
1628 
132705 
50788 
132720 
50802 
132736 
50817 
181896 
132750 
50830 
181907 
198294 
50843 
181920 
132769 
50856 
181929 
132783 
50869 
132790 
181946 
50882 
132803 
132805 
50896 
132819 
132824 
181979 
132832 
132844 
132852 
1795 
1796 
1799 
1807 
1808 
1824 
50977 
247586 
1836 
1837 
50993 
1850 
116544 
51009 
1869 
1870 
1871 
1872 
51025 
1873 
1874 
198497 
51042 
1894 
132967 
1895 
214895 
132982 
51065 
132998 
133009 
51097 
51098 
182171 
182172 
182173 
133022 
182176 
182178 
182179 
182181 
182186 
51115 
182188 
182189 
182190 
182191 
133039 
182192 
1968 
182194 
182199 
182201 
182202 
264124 
133052 
51132 
182205 
264126 
182206 
182207 
182208 
264133 
264134 
182214 
264135 
182215 
1991 
264136 
133064 
1992 
264137 
264138 
182218 
264139 
264140 
182220 
264141 
182221 
264142 
182222 
264143 
264144 
182224 
264145 
264146 
264147 
264148 
264149 
264150 
182230 
264151 
182231 
133079 
264152 
182232 
51160 
264153 
182233 
182234 
182235 
264156 
182236 
264157 
264158 
264160 
264161 
264162 
264163 
264164 
264165 
264166 
133094 
264167 
51175 
264168 
264169 
264170 
264171 
264172 
264173 
264174 
264175 
264176 
2033 
264179 
264180 
51188 
264181 
264182 
264183 
264184 
264185 
264186 
264187 
264188 
264189 
264190 
264191 
51200 
215043 
264196 
2054 
264199 
2055 
264201 
264202 
51217 
182296 
2072 
182305 
51234 
198694 
182312 
264235 
264236 
182316 
51248 
2096 
182322 
2099 
2100 
231477 
51258 
2108 
2109 
2110 
149570 
51271 
149576 
133197 
149582 
149587 
215124 
51284 
149593 
133211 
149599 
149601 
51299 
149604 
149605 
149606 
149608 
133228 
149613 
149614 
149616 
51313 
149618 
149619 
149621 
133241 
149627 
149629 
51326 
149632 
149633 
149634 
149635 
133253 
149641 
149642 
149645 
51341 
149646 
149647 
149648 
198805 
149654 
149655 
51351 
149656 
149658 
133275 
149660 
149661 
51367 
133288 
51378 
133304 
51389 
51394 
133321 
51401 
133334 
51415 
149725 
149728 
149734 
18662 
149740 
149747 
149754 
231677 
248062 
149762 
149772 
149778 
149789 
149835 
51533 
149840 
149846 
149852 
51551 
149858 
51569 
51581 
149891 
199044 
199048 
149896 
149900 
149905 
149911 
117146 
51619 
117159 
182698 
182705 
182710 
117174 
51643 
182717 
117185 
182723 
117191 
199112 
51660 
117200 
199133 
51680 
133605 
149999 
51696 
231924 
150005 
150011 
150015 
51713 
150021 
182798 
182799 
182801 
51729 
182803 
182805 
182807 
182812 
182814 
51743 
182816 
182817 
182818 
182819 
150056 
182825 
182827 
182829 
51757 
182830 
150062 
182832 
182833 
150067 
182839 
150071 
182841 
182842 
182844 
150076 
182845 
182846 
150082 
182851 
182852 
182854 
150087 
182856 
215628 
182860 
150092 
182861 
51789 
150097 
182867 
150103 
51800 
182873 
182880 
248419 
248421 
182887 
51816 
182893 
150135 
51831 
2679 
2682 
150141 
2687 
2689 
2690 
150147 
51844 
150151 
2695 
2700 
150157 
2701 
51858 
2708 
199321 
2715 
248479 
215712 
51872 
199331 
133802 
150192 
51888 
51893 
150198 
133816 
248505 
248506 
248507 
150203 
248508 
248509 
248510 
182974 
248511 
248512 
248513 
150209 
248514 
248515 
248516 
51908 
248517 
232133 
150213 
248518 
182982 
133830 
51910 
2758 
248519 
248520 
232136 
248521 
248522 
248523 
248524 
2764 
248525 
2765 
248526 
2766 
248527 
248528 
248529 
182993 
248531 
248532 
248534 
51926 
248535 
133847 
248536 
248537 
51929 
248538 
51930 
248539 
248540 
183004 
248541 
248542 
248545 
248546 
248547 
248548 
248549 
248550 
51942 
248551 
2791 
248552 
51944 
2792 
183017 
2793 
2794 
2795 
248556 
248557 
248559 
248560 
248561 
51953 
248562 
248563 
51955 
248564 
248565 
248566 
183030 
248567 
133879 
248568 
248569 
248570 
2810 
248571 
248572 
248573 
248574 
248575 
2815 
248576 
183040 
248577 
248578 
248579 
51971 
248580 
51972 
248581 
248582 
150278 
51974 
248583 
183047 
133895 
248584 
51976 
248585 
248586 
248587 
150283 
248588 
248589 
183053 
264974 
248590 
264975 
264976 
248592 
264977 
150289 
264978 
248594 
264979 
248595 
264980 
248596 
51988 
264981 
248597 
183061 
264982 
248598 
51990 
248599 
150295 
133911 
248600 
248601 
248602 
51994 
19226 
248603 
248604 
150300 
248605 
51997 
150306 
133923 
52007 
19239 
248616 
150313 
52009 
52013 
150320 
52016 
133937 
19251 
150326 
52026 
150332 
133949 
52030 
19262 
248639 
248641 
248642 
52034 
248643 
150339 
52035 
248644 
117572 
248645 
248646 
248647 
248648 
248649 
133961 
248650 
150346 
248651 
248652 
19276 
248653 
248654 
133966 
248655 
150352 
117585 
52052 
150357 
248662 
133974 
150362 
133978 
52058 
248667 
117597 
133987 
133989 
52074 
52077 
117614 
183151 
52079 
134001 
183155 
183158 
134006 
183161 
150394 
183163 
52091 
183164 
134012 
117628 
183165 
183166 
150399 
52095 
52098 
134020 
150406 
183177 
183178 
183179 
183180 
183182 
150414 
183183 
183184 
232340 
52116 
117653 
52117 
150424 
183193 
52121 
183194 
183196 
183197 
183200 
248738 
248739 
183203 
117667 
248740 
248741 
183205 
248742 
52134 
248743 
52135 
248744 
52137 
183212 
183213 
183214 
183215 
183216 
117682 
183219 
183220 
183224 
183226 
183228 
183230 
183231 
183232 
183233 
150468 
117700 
150476 
52172 
52174 
150482 
117716 
150488 
52189 
150494 
52193 
150503 
117735 
150510 
19439 
52208 
52210 
150516 
117753 
150523 
52224 
183298 
52226 
150531 
183303 
117771 
183308 
52237 
183313 
52241 
183318 
117787 
183325 
183329 
52257 
183334 
183339 
117803 
52270 
183345 
52283 
52299 
150605 
85071 
150612 
52311 
150619 
150625 
52326 
150631 
52330 
52343 
52345 
52358 
52361 
52375 
52376 
52390 
52394 
134330 
52411 
134343 
52423 
134355 
52436 
150743 
150748 
52448 
117985 
150756 
3303 
150762 
52458 
3307 
134381 
183534 
150768 
183539 
150775 
52471 
183544 
52474 
183549 
3325 
150783 
3327 
183554 
52484 
150789 
52488 
150795 
3343 
150801 
3346 
52499 
52502 
150811 
3358 
150816 
52512 
3360 
52515 
150822 
150828 
52529 
3378 
3379 
150836 
52533 
36151 
3393 
3396 
232775 
232776 
232777 
232778 
232783 
232785 
134482 
232787 
232788 
232789 
232790 
232791 
232792 
134488 
232793 
232794 
232795 
232796 
232797 
232798 
150879 
150880 
150884 
150886 
150887 
134508 
150893 
150896 
150897 
150898 
150899 
150900 
150908 
200061 
134525 
150910 
150912 
150914 
134530 
150915 
150916 
150922 
150927 
150929 
3473 
150932 
150933 
150934 
134553 
150940 
150943 
150944 
3488 
150945 
150946 
150948 
134569 
150957 
150963 
3507 
183732 
134584 
183737 
150971 
200126 
183743 
150976 
3522 
134596 
183749 
150983 
183753 
183758 
3538 
183763 
3539 
3543 
183768 
134616 
183774 
183778 
183784 
134632 
183789 
183794 
183799 
134648 
183803 
134665 
134682 
52773 
134701 
52782 
151097 
36413 
151103 
52799 
151108 
134726 
52808 
151115 
233042 
151122 
52818 
134740 
151131 
52830 
151137 
134754 
151144 
134760 
151150 
134767 
151156 
134774 
134788 
134801 
134816 
52915 
52918 
52931 
52933 
52946 
52949 
184034 
184036 
184038 
52966 
184041 
184042 
52970 
184043 
184049 
184050 
184051 
200438 
184054 
184055 
52984 
184057 
52986 
134908 
184063 
184064 
184065 
184066 
184067 
184069 
151303 
200457 
53002 
184075 
134923 
184076 
151308 
184077 
184079 
184080 
184081 
151314 
151320 
53017 
134940 
151329 
184099 
53029 
151338 
151343 
53041 
151349 
151358 
53055 
151365 
184134 
184140 
151372 
53072 
134993 
184146 
151378 
53076 
184152 
151386 
135004 
53086 
184159 
151393 
53089 
151399 
135015 
53103 
151408 
53107 
151414 
135030 
151421 
53122 
151427 
135044 
53127 
151437 
53133 
53135 
135057 
53150 
135071 
53153 
135088 
53171 
53173 
135107 
53188 
53194 
118733 
135119 
151517 
53214 
118755 
53219 
151524 
151532 
118767 
53234 
151539 
53238 
266231 
266232 
266235 
151547 
266236 
266237 
266238 
266239 
266240 
266241 
266242 
135170 
266243 
151555 
266244 
135172 
53252 
266245 
135173 
266246 
266247 
266248 
118792 
266249 
151561 
266250 
135178 
266251 
135180 
266254 
53262 
266255 
266256 
151568 
53264 
266258 
266259 
53267 
20499 
266260 
266261 
266262 
151574 
266263 
53271 
266264 
135192 
266265 
266266 
266267 
135195 
53275 
266268 
118812 
266269 
266270 
151582 
135198 
53278 
266271 
266272 
266273 
266274 
135202 
266275 
266276 
135204 
266277 
266278 
266279 
151591 
266280 
266283 
135211 
266284 
53292 
266285 
135213 
118829 
151598 
53294 
266287 
266288 
53296 
266289 
135217 
266290 
200755 
135219 
151604 
266293 
135221 
53301 
151610 
135227 
135228 
135229 
53310 
151616 
53312 
135233 
135236 
135241 
53321 
135242 
135245 
249934 
135246 
53326 
53328 
53332 
135254 
53334 
135257 
118873 
53337 
135258 
135262 
135263 
135266 
135271 
53351 
200812 
53356 
118894 
53361 
53363 
53365 
53367 
53373 
118910 
53387 
53390 
118927 
53391 
53392 
118946 
184484 
53412 
233644 
184494 
233648 
118961 
184499 
53427 
184504 
184509 
118981 
53445 
135367 
135378 
53461 
118999 
151769 
151776 
135399 
151785 
135406 
151791 
119026 
151797 
4341 
135421 
151806 
4356 
151813 
151820 
4370 
151827 
151833 
4384 
151841 
151847 
151855 
4402 
151862 
151868 
184637 
184638 
184639 
184640 
184642 
184646 
184647 
184652 
184653 
184654 
184655 
184657 
184658 
184659 
184665 
184666 
184668 
184669 
184672 
184674 
184676 
53604 
184682 
184685 
184689 
184690 
53618 
184691 
184692 
4468 
184693 
53631 
184704 
184705 
184706 
184709 
184710 
102790 
184712 
201098 
4493 
53648 
184721 
201111 
53655 
4503 
53662 
53665 
4516 
53669 
53672 
53674 
53675 
201133 
4531 
201141 
53687 
53689 
53690 
53692 
53696 
4546 
53699 
152011 
53712 
152018 
53714 
53718 
53720 
152025 
53723 
53725 
152031 
152039 
152046 
53742 
53744 
152052 
53748 
53751 
53753 
20985 
53754 
152059 
119291 
250371 
152067 
250372 
250373 
250374 
250375 
250376 
250377 
152073 
250378 
250379 
250380 
184848 
152080 
250385 
250386 
53778 
250387 
250388 
53780 
250389 
184853 
250390 
53782 
250391 
53783 
250392 
53784 
250393 
250394 
184858 
53786 
250395 
250396 
152092 
4636 
250397 
250398 
250399 
184863 
250400 
250401 
250402 
250403 
250404 
184868 
250405 
250406 
250407 
250408 
152104 
250409 
250410 
4650 
250411 
250412 
250413 
250414 
250415 
250416 
250417 
250418 
250419 
152115 
250420 
250421 
152117 
250422 
250423 
250424 
250425 
250426 
53818 
250427 
250428 
250429 
250430 
250431 
152127 
250432 
4678 
152135 
53831 
152145 
152150 
4694 
152158 
53857 
135778 
4706 
152167 
152173 
135791 
53873 
152180 
152187 
135804 
201343 
201346 
152194 
53891 
135818 
135834 
53914 
53917 
135845 
53929 
53934 
135857 
266932 
266933 
266934 
266935 
266936 
266937 
266938 
135868 
4796 
53951 
53953 
135878 
4811 
53968 
135891 
53973 
4824 
53991 
53992 
4841 
152298 
201456 
152304 
54002 
4850 
152310 
152315 
54013 
152321 
135945 
54027 
201484 
135948 
135960 
135963 
54045 
135973 
152361 
135978 
54060 
4909 
152369 
152376 
135993 
135996 
152383 
54080 
152387 
201543 
54093 
54114 
119651 
185197 
119665 
185202 
54133 
185209 
185215 
168831 
119679 
185221 
152458 
201611 
152460 
234382 
152465 
54167 
152472 
152478 
234401 
119713 
136098 
152484 
234407 
234408 
234409 
234410 
234411 
152491 
234412 
185260 
136108 
234413 
234414 
234415 
234416 
234417 
234418 
152498 
234419 
119731 
234420 
185268 
234422 
234423 
152503 
136119 
234424 
234426 
234427 
234428 
234429 
234430 
152510 
136126 
234431 
234432 
185280 
234433 
234434 
234435 
234436 
234437 
234438 
234440 
234441 
185289 
119753 
234442 
234443 
234445 
136142 
201680 
234451 
136157 
234462 
119774 
234464 
234465 
234466 
234467 
234468 
234469 
234470 
234471 
234472 
234473 
234474 
234476 
234477 
119792 
234495 
119807 
234496 
234497 
152582 
152588 
201741 
54287 
119824 
152594 
152602 
250909 
119840 
54310 
185391 
185395 
119861 
185398 
185402 
185406 
54334 
119871 
185414 
185416 
136264 
185417 
185419 
185420 
185421 
54350 
119888 
185427 
185428 
185430 
185431 
185433 
136281 
185435 
54364 
185440 
119905 
185442 
185444 
185445 
185446 
136294 
185448 
185453 
185455 
201840 
185457 
185458 
54386 
185460 
185461 
136310 
185466 
185467 
185469 
185471 
185472 
54400 
185474 
136327 
54418 
234655 
54434 
185512 
185517 
185524 
152761 
185531 
54468 
54469 
185543 
103625 
54474 
54476 
185549 
185555 
185560 
54492 
185567 
54496 
54497 
234739 
218357 
54517 
54528 
54532 
136465 
54546 
54548 
54551 
54554 
136477 
136489 
54573 
54577 
54579 
136502 
54582 
54594 
136517 
54597 
54600 
54602 
120155 
54622 
54626 
54641 
54644 
185730 
54664 
54666 
54672 
120210 
54674 
54682 
120219 
54684 
120234 
54708 
54710 
120249 
120263 
54730 
54736 
120280 
54748 
54751 
38367 
120298 
54765 
54766 
120315 
54781 
54783 
120331 
202266 
120349 
120369 
120376 
267837 
267838 
267841 
267842 
267843 
267844 
267845 
267846 
267847 
120391 
267848 
267849 
267850 
267851 
267852 
267854 
267856 
267857 
267858 
267859 
267860 
267861 
267862 
267863 
267864 
267865 
5721 
267867 
120411 
267872 
267874 
185954 
185961 
267884 
5741 
120433 
185972 
185979 
5757 
185986 
5773 
202385 
120469 
5784 
120480 
5801 
235178 
153261 
186033 
153267 
120499 
54967 
5815 
153273 
186042 
153277 
153283 
120516 
186053 
54981 
5829 
186057 
153289 
153293 
186067 
153299 
5843 
54997 
120535 
153304 
153310 
5856 
55017 
202474 
202481 
186107 
55035 
186110 
120575 
186117 
202503 
202504 
186123 
120591 
186129 
153363 
153367 
153373 
120607 
153379 
153384 
202539 
137003 
202540 
120626 
137015 
186168 
186176 
120640 
137026 
218947 
153416 
186186 
153421 
137037 
202574 
153426 
186197 
153430 
137050 
120666 
153435 
186205 
202590 
153441 
186215 
153447 
120681 
153454 
186225 
55153 
153460 
120696 
186234 
153466 
6013 
153472 
186241 
153476 
55174 
153481 
6025 
120714 
153485 
55184 
153489 
120722 
6034 
186261 
153495 
38807 
153500 
6045 
55200 
153507 
202660 
186279 
153513 
6057 
55213 
153519 
153524 
153529 
153535 
153540 
55236 
153546 
153553 
153558 
55254 
153564 
153570 
55268 
153575 
153581 
153587 
55284 
153591 
153598 
55295 
186370 
153605 
186374 
153611 
219148 
186380 
55311 
153616 
186387 
153621 
186393 
202778 
153626 
55324 
137245 
153631 
137255 
137258 
55338 
137266 
137268 
137270 
55353 
137275 
137279 
137285 
55367 
186442 
137290 
137295 
186453 
137302 
55385 
55391 
186465 
137320 
55403 
186477 
55405 
252019 
6259 
268405 
186485 
268406 
268407 
137335 
186493 
55421 
153729 
55425 
137346 
186502 
153735 
186510 
153742 
55441 
137363 
55443 
186516 
153749 
186522 
6299 
153757 
137376 
186529 
55462 
186535 
55464 
6312 
186541 
121005 
137393 
186546 
6324 
186551 
137402 
55483 
121023 
55491 
6339 
137415 
121031 
55503 
55506 
6355 
121048 
55520 
22753 
121063 
55528 
121074 
55539 
55542 
219389 
121091 
55560 
219401 
55561 
121103 
137489 
121107 
55584 
121122 
55597 
153905 
121139 
153915 
55611 
121154 
153925 
55628 
6478 
153935 
121171 
153945 
55645 
121185 
153959 
153967 
121199 
55669 
153976 
121213 
153986 
55684 
153992 
186762 
186766 
55696 
186773 
55706 
186779 
186785 
186791 
55719 
186798 
154030 
186804 
154036 
186809 
154042 
186815 
154048 
55744 
154054 
137675 
154063 
55762 
137684 
154069 
154076 
137694 
154083 
55781 
137702 
154090 
55790 
137712 
154097 
154103 
55800 
55802 
154110 
154117 
154122 
55820 
154129 
154136 
186906 
55836 
154142 
203298 
186915 
154149 
55849 
154154 
186923 
186929 
186936 
137790 
186944 
186946 
55874 
186948 
186949 
186950 
186952 
186953 
137803 
186959 
186960 
186963 
55891 
186965 
137814 
186967 
186968 
186969 
186975 
186976 
186978 
137826 
186980 
186981 
186982 
55912 
186985 
186991 
186993 
137841 
186994 
186995 
186997 
186998 
186999 
187004 
187005 
121469 
187006 
187010 
187012 
187013 
187014 
203402 
187020 
121485 
187026 
187035 
121499 
187045 
187053 
121518 
187063 
187072 
121536 
187084 
121553 
187091 
187100 
121566 
56033 
121572 
56040 
269042 
269044 
121588 
269048 
137976 
269049 
154361 
56057 
269050 
269051 
269052 
269053 
269054 
154366 
269055 
269057 
269058 
121602 
6915 
269060 
137988 
269061 
154373 
269062 
269063 
269064 
269065 
219915 
154380 
56077 
137998 
269071 
6928 
154386 
138007 
56093 
121630 
6943 
121640 
138032 
6963 
56117 
121654 
138042 
6978 
138051 
121668 
56134 
138061 
121686 
56151 
138072 
203610 
154459 
154465 
56163 
138086 
154472 
121704 
203625 
154478 
138100 
154485 
154488 
56185 
121723 
138110 
187275 
187280 
138128 
187285 
56214 
121753 
203675 
187291 
138141 
203679 
154528 
187297 
154535 
105384 
56233 
121771 
154542 
154548 
56249 
154554 
121786 
154561 
187334 
154568 
56266 
187339 
154574 
187345 
154581 
187351 
154586 
56284 
187357 
121824 
154593 
154599 
138217 
154606 
56302 
56306 
121843 
154612 
7156 
138232 
154618 
56320 
7168 
121857 
56323 
138248 
56337 
138259 
105491 
7187 
56341 
121879 
7197 
138272 
56356 
56361 
121902 
7216 
203828 
56372 
121912 
56378 
203838 
121923 
121940 
121955 
121968 
187509 
187510 
187511 
154743 
187513 
23674 
187516 
187517 
154749 
187523 
154755 
236676 
187524 
187526 
187527 
187528 
187529 
154761 
187534 
187536 
154769 
187538 
187539 
187543 
187544 
187549 
187551 
187552 
187553 
187554 
187555 
187561 
187567 
187569 
187570 
154808 
154813 
154819 
138440 
154826 
154832 
7379 
138455 
187609 
187615 
187616 
187621 
138473 
187627 
7405 
138488 
7419 
138498 
7433 
7446 
122151 
122166 
236862 
236863 
236864 
236866 
236867 
122184 
236876 
236877 
236878 
236879 
236880 
236881 
154961 
236882 
236883 
236884 
236886 
236887 
154967 
236888 
236889 
236890 
236891 
122203 
236892 
236893 
154973 
236894 
236895 
236896 
236897 
236898 
236899 
236900 
154980 
236901 
236902 
7526 
236903 
236904 
236905 
236906 
154986 
236907 
236908 
236909 
236910 
236911 
236912 
236913 
236914 
154994 
122226 
236915 
236916 
236917 
236918 
236919 
236920 
155000 
236921 
236922 
236923 
236924 
236925 
236926 
236927 
155007 
236928 
236929 
236930 
122242 
236931 
236932 
236933 
155013 
236934 
236935 
236936 
236937 
236938 
236939 
122251 
236940 
236941 
236942 
155022 
236943 
155030 
155037 
122269 
155043 
155050 
122283 
155056 
155065 
155070 
122305 
155078 
155087 
155098 
155110 
155122 
155130 
155137 
7685 
155145 
56843 
155153 
7697 
155159 
56859 
155166 
7711 
155173 
155179 
122412 
7726 
56881 
56890 
138812 
7743 
138825 
56908 
7756 
122446 
138838 
155223 
56923 
155230 
122462 
138851 
155236 
155243 
138862 
56943 
138865 
122481 
155250 
138870 
138875 
269948 
269949 
171646 
269952 
138881 
122497 
171652 
188037 
138888 
171658 
188045 
171664 
188050 
171671 
188056 
171679 
188064 
171683 
171689 
253610 
253611 
253612 
188076 
253613 
253614 
253615 
171695 
253616 
253617 
253618 
253619 
253620 
253621 
171701 
253622 
188086 
253623 
253624 
253625 
253626 
122554 
253627 
253628 
253629 
253630 
253631 
253632 
253633 
188097 
253634 
253638 
253640 
253641 
188105 
253642 
253644 
253645 
253646 
253647 
253650 
188115 
253654 
253655 
253656 
253657 
253658 
253659 
253660 
253661 
188125 
253662 
253663 
220895 
171743 
253664 
188128 
171744 
253665 
253666 
253667 
253668 
253669 
253670 
188135 
171751 
253672 
253673 
253674 
253675 
253676 
253677 
188141 
171757 
253678 
253679 
253680 
253681 
253682 
188146 
253683 
171763 
253686 
253687 
155383 
253688 
253689 
253691 
155388 
220927 
220929 
155393 
253704 
155400 
253705 
253706 
253707 
253708 
253709 
253710 
155406 
253711 
253712 
253713 
253714 
253715 
253716 
155412 
253717 
253718 
253719 
253720 
253721 
155417 
253722 
253723 
253724 
253725 
155422 
155427 
155432 
57134 
57140 
57154 
253763 
253765 
57160 
139084 
171853 
40783 
253777 
253778 
253779 
253780 
253781 
253782 
171862 
57178 
57181 
171872 
188258 
155490 
122723 
188261 
171878 
155495 
171884 
155500 
188272 
155504 
57200 
57203 
171893 
155510 
122742 
188279 
171900 
188289 
171905 
57218 
57222 
171911 
171915 
188300 
57229 
122766 
155544 
155548 
57245 
155554 
122787 
155557 
57256 
155563 
139182 
155568 
106416 
139185 
139187 
155572 
139189 
139191 
57271 
139192 
122808 
155578 
188347 
155583 
139199 
188354 
139202 
57284 
155589 
139205 
139206 
139207 
188360 
139208 
204746 
188365 
139215 
188369 
139218 
57299 
139220 
139221 
139223 
139225 
57312 
139233 
139235 
139237 
139238 
139240 
139242 
106479 
139250 
139252 
57332 
139254 
139255 
139257 
139260 
57347 
139280 
221202 
139282 
57363 
139284 
139287 
221208 
139289 
139292 
155682 
139302 
155688 
139304 
57384 
139305 
139308 
155693 
139311 
172082 
139314 
155699 
57397 
155704 
172089 
172095 
57408 
122947 
188484 
172101 
139335 
139337 
188490 
139338 
172107 
139340 
139341 
57421 
139343 
188496 
188500 
122966 
188504 
57434 
155741 
188510 
139360 
139361 
155746 
139363 
188516 
139364 
122981 
139366 
155752 
139369 
155758 
188527 
172147 
155764 
188533 
122998 
139385 
172155 
139387 
188540 
155772 
8316 
139390 
139392 
172161 
155778 
139394 
139396 
8327 
172168 
155784 
123018 
155789 
172174 
155795 
8341 
155802 
123039 
155808 
8356 
155814 
155820 
123054 
155825 
8370 
123069 
237768 
172236 
123086 
155863 
155869 
123101 
155874 
123110 
155880 
155885 
123119 
221427 
188672 
123136 
188679 
188685 
123152 
155923 
188692 
155929 
188698 
155935 
123169 
155941 
270636 
270637 
155949 
270639 
155957 
123189 
155963 
221501 
155969 
155975 
123208 
155983 
188755 
123224 
237914 
188764 
188775 
188780 
123244 
188786 
123265 
156035 
221591 
188824 
188830 
188835 
188841 
188848 
188855 
123319 
188863 
188869 
123333 
8648 
221643 
188876 
221646 
123344 
156115 
221652 
188889 
156121 
221663 
188895 
123359 
156131 
188901 
156137 
123370 
188908 
156143 
188916 
156149 
156153 
123386 
156159 
156164 
156169 
123402 
221718 
123418 
221726 
123436 
221755 
156233 
189003 
123468 
156238 
189008 
156244 
189015 
156248 
156253 
189022 
123487 
156258 
189029 
156264 
156269 
123504 
156273 
156279 
139897 
8830 
172672 
123522 
139908 
172678 
8845 
172686 
139920 
221842 
123539 
172693 
8857 
172698 
156315 
139931 
123551 
156320 
139941 
156326 
8873 
156333 
139954 
156339 
8889 
139964 
8902 
139978 
8907 
139989 
8921 
139998 
172772 
8934 
172776 
172782 
172788 
8950 
156407 
172794 
156412 
189182 
156416 
156422 
8968 
156429 
221981 
221986 
172836 
221989 
172842 
140078 
172850 
156467 
140083 
140086 
172856 
156474 
172861 
140096 
156483 
140105 
156492 
140114 
156501 
140149 
140163 
156564 
9110 
140184 
123801 
156570 
172957 
156576 
172963 
9125 
156582 
140199 
172968 
156587 
172973 
156593 
9138 
172979 
140211 
156599 
172986 
156604 
123836 
172992 
9153 
156610 
172999 
156616 
173004 
156621 
9166 
173009 
123857 
156627 
156633 
156638 
156644 
123879 
123897 
156679 
156685 
156691 
123923 
156696 
156702 
156708 
123944 
156714 
156719 
222264 
156728 
173113 
156732 
173118 
173125 
173132 
173137 
123992 
189534 
189541 
124013 
189552 
189564 
124034 
189576 
156811 
156817 
140433 
124052 
156823 
173209 
140443 
173214 
156832 
74914 
173219 
140453 
140454 
156840 
173225 
173231 
140465 
156851 
124083 
156857 
140477 
156866 
124103 
156874 
156881 
124124 
124137 
173301 
124151 
173307 
173313 
173319 
173325 
173332 
124182 
173340 
173346 
255268 
255270 
255271 
255272 
173352 
255275 
124203 
255276 
255277 
173357 
255278 
255279 
255280 
255281 
255282 
255283 
255284 
173364 
255285 
255286 
255287 
255288 
255289 
255290 
173370 
255291 
255292 
255293 
255294 
255295 
255296 
173376 
124224 
255297 
255298 
255299 
255300 
255301 
173381 
255302 
255303 
255304 
255305 
140617 
255306 
255307 
255308 
173388 
255309 
255310 
255311 
255312 
255313 
255314 
140626 
255315 
255316 
124245 
75099 
140637 
140647 
124263 
140657 
189844 
189855 
157087 
157093 
189862 
124328 
157100 
189871 
157107 
157114 
189883 
157120 
9665 
189894 
157129 
189900 
9678 
157136 
189909 
157142 
9689 
189915 
157148 
189921 
157156 
9702 
189929 
157163 
189934 
157171 
124404 
9716 
189941 
157177 
189946 
157183 
189952 
9729 
124418 
189960 
157197 
189966 
9743 
189972 
124436 
157208 
189978 
9757 
189984 
157216 
189991 
124456 
9770 
157227 
189996 
206381 
190003 
190006 
9783 
157241 
190012 
124478 
157248 
157255 
157261 
124497 
157268 
157276 
124512 
239204 
190056 
190062 
124527 
190070 
190076 
124544 
190082 
157319 
157327 
124559 
157336 
173724 
157343 
173730 
157351 
173736 
157358 
173743 
173749 
157365 
157373 
157379 
190151 
157385 
190156 
190162 
190167 
190174 
173851 
173857 
141091 
157479 
173864 
59176 
157484 
173870 
157490 
141106 
173876 
206645 
157496 
141113 
59194 
157501 
141122 
59208 
141133 
59224 
59236 
59259 
190334 
190341 
190349 
59277 
190355 
190364 
59293 
59312 
157622 
157628 
59325 
157634 
157638 
174023 
157644 
59340 
174029 
59345 
157650 
174036 
10197 
157656 
174042 
157662 
59358 
174049 
59362 
157667 
10214 
157672 
59374 
157679 
108529 
10226 
59379 
239605 
157685 
157691 
157696 
10241 
59394 
59396 
157701 
10253 
59408 
59409 
10267 
10270 
59424 
174121 
59437 
174127 
43058 
174137 
43066 
174143 
174149 
59462 
43089 
59479 
43103 
157793 
190564 
157800 
59497 
223343 
157807 
43119 
223347 
125043 
157813 
223353 
157822 
59520 
43139 
157830 
125064 
157836 
174222 
59536 
43153 
157843 
174228 
157849 
125081 
174235 
59551 
43167 
157856 
174242 
174248 
43179 
125101 
174255 
59569 
174261 
59577 
43193 
174267 
59579 
190656 
174273 
125122 
59586 
174279 
190665 
157899 
59601 
157906 
190675 
157912 
141531 
157918 
59614 
190687 
157922 
141538 
190691 
59621 
157929 
141545 
157935 
59631 
141554 
157941 
141565 
157951 
59651 
157961 
141578 
141585 
141587 
141591 
141596 
141599 
141605 
141608 
223532 
223533 
223535 
141616 
141617 
223538 
223539 
190775 
141625 
141626 
141627 
190780 
141628 
190787 
141636 
141637 
223558 
141638 
158023 
223560 
141640 
190795 
158030 
190801 
141650 
223573 
141653 
158038 
141654 
141655 
223576 
158045 
141661 
141663 
141665 
158052 
141669 
158060 
141677 
158067 
141684 
158073 
223610 
141691 
158080 
141700 
223622 
158087 
223627 
158091 
223629 
141712 
223633 
223634 
158098 
43415 
174489 
158105 
141721 
141724 
174495 
158112 
223650 
223653 
174501 
141733 
158118 
141734 
223656 
223657 
141737 
223658 
141738 
174507 
174514 
190900 
141748 
190904 
141752 
141758 
190911 
223681 
141762 
223685 
190920 
223690 
223693 
141773 
223696 
141776 
223697 
190930 
141787 
141788 
190941 
190942 
190944 
190946 
141795 
223716 
190948 
141796 
223719 
190958 
141806 
190959 
141807 
190960 
190961 
158195 
190964 
223734 
141814 
141816 
174585 
223738 
158202 
190972 
190973 
174590 
141822 
223743 
190975 
190977 
158209 
190978 
141826 
174596 
190982 
141831 
190985 
158217 
190986 
174602 
190988 
141836 
190990 
141839 
174608 
223762 
190996 
158229 
190998 
191000 
141850 
125478 
141863 
223792 
223796 
223797 
223801 
141883 
141892 
158283 
223822 
223823 
158289 
223827 
141907 
191061 
223830 
158294 
141912 
191067 
158301 
191073 
158307 
141926 
191079 
223848 
141928 
223849 
223850 
191082 
158314 
158321 
223859 
141939 
141942 
158328 
158332 
141952 
158338 
141956 
223892 
223894 
141977 
223898 
256667 
141987 
141997 
223919 
158384 
174773 
43701 
125624 
158393 
142009 
174779 
158399 
43711 
174785 
142017 
191170 
191175 
174792 
125640 
158409 
142028 
191181 
174798 
43726 
191188 
158420 
142036 
223958 
158425 
191194 
125658 
43739 
142046 
223967 
158431 
125665 
191202 
158435 
142051 
158439 
191209 
223980 
158444 
142061 
223982 
191214 
223983 
223984 
223985 
223986 
223987 
158451 
223988 
125684 
43764 
223989 
191221 
223991 
142071 
158456 
223993 
207609 
223994 
223996 
191228 
158462 
158466 
142082 
43780 
142085 
158472 
125705 
142093 
158478 
224017 
224018 
158484 
142101 
43799 
158489 
125721 
142109 
158494 
224032 
224036 
158500 
43812 
224038 
142121 
125737 
158507 
142124 
158512 
142132 
43828 
224054 
142134 
158520 
125755 
158525 
142143 
191296 
142144 
158531 
43846 
93000 
158537 
142154 
174924 
142156 
125772 
191309 
158542 
174930 
158548 
142167 
174936 
142169 
158554 
191324 
174943 
158560 
174949 
142181 
191337 
224107 
142189 
191350 
142198 
142207 
224131 
158595 
191367 
158599 
142215 
191372 
158605 
142222 
224145 
158611 
191382 
142230 
158617 
191388 
191393 
142241 
191400 
11178 
109491 
11192 
43966 
224196 
224198 
224199 
43976 
11208 
224201 
224202 
224203 
224204 
224205 
224207 
224209 
224211 
224214 
43990 
11224 
44003 
191462 
224233 
11241 
224235 
224238 
175087 
44015 
191474 
175092 
191482 
175100 
224254 
224255 
224256 
224257 
175105 
224258 
224259 
191491 
224260 
224261 
224262 
175110 
60422 
224263 
224264 
224266 
191502 
60436 
224289 
224292 
224293 
224294 
224295 
60455 
224296 
224297 
224298 
224299 
224300 
224301 
224302 
224303 
224304 
224305 
224306 
224307 
224308 
60470 
60472 
60478 
224323 
191555 
224324 
224327 
224328 
60488 
224329 
191561 
224330 
224331 
224332 
224333 
224334 
224335 
191567 
224336 
224337 
224338 
224339 
224340 
60500 
224341 
191574 
191580 
224354 
60514 
224355 
191587 
224362 
191594 
60524 
11375 
191600 
126066 
191606 
60540 
126079 
60543 
44160 
191621 
158854 
11399 
224392 
224393 
224394 
158858 
60554 
240780 
191628 
60557 
158864 
191634 
44180 
158869 
126101 
191640 
60569 
224410 
158875 
60571 
224412 
11421 
191646 
158882 
60582 
44198 
191655 
126120 
158889 
60585 
191662 
224431 
158895 
142513 
60594 
11442 
224436 
158900 
44212 
224437 
224438 
191670 
60598 
224439 
142519 
224440 
126136 
224441 
224442 
158906 
224443 
224444 
224445 
191677 
224446 
142526 
224447 
224448 
44227 
142532 
224453 
191685 
11462 
60615 
60618 
224459 
142540 
60620 
224461 
224464 
224465 
224466 
224467 
224468 
224469 
224470 
224471 
60631 
224472 
175320 
224473 
60633 
224474 
224475 
60635 
224476 
175326 
158942 
224479 
175329 
158946 
175334 
224487 
158951 
224489 
191721 
191722 
224491 
191724 
175340 
224493 
224494 
191726 
158958 
191727 
191728 
224497 
60657 
224499 
158963 
224500 
224501 
191733 
60662 
191736 
158970 
191739 
60667 
224508 
224509 
191741 
224510 
191742 
191743 
224512 
158976 
224513 
224514 
224515 
224516 
191748 
224517 
224518 
191750 
158982 
60678 
224519 
191751 
224520 
224521 
191753 
60681 
224522 
191754 
60682 
224523 
158987 
224524 
191756 
224525 
224526 
224527 
158993 
191762 
224532 
191765 
224534 
191766 
191767 
60695 
191768 
191769 
224539 
60699 
224540 
224541 
60701 
224542 
224543 
191776 
224546 
191778 
191779 
224548 
191780 
224551 
191783 
191784 
224554 
60717 
191792 
191796 
159028 
224565 
224566 
224567 
159033 
224570 
191803 
224572 
159038 
224575 
224576 
224577 
191810 
159044 
224582 
224584 
224585 
191817 
224586 
159051 
224588 
224591 
224605 
224614 
224615 
224616 
224617 
224618 
224620 
126316 
159085 
224623 
159091 
60787 
224629 
224630 
191862 
159096 
126328 
224637 
191869 
159101 
224640 
60802 
224643 
191875 
159107 
224644 
224645 
224647 
191881 
126345 
224651 
224652 
224653 
191885 
126350 
224657 
60817 
224661 
191893 
224662 
126358 
142744 
224665 
224666 
191898 
60827 
224668 
224670 
224671 
191903 
142751 
224672 
224673 
60833 
224675 
224676 
224677 
191909 
224678 
142758 
224679 
224680 
224681 
224682 
224683 
191915 
224684 
224685 
142765 
224686 
224687 
224688 
224689 
191921 
126385 
142770 
224691 
60851 
224692 
224693 
224695 
191927 
224696 
224699 
191936 
60866 
159172 
191942 
159178 
191947 
224716 
159182 
60881 
224723 
159187 
224724 
224725 
224726 
224727 
224728 
159193 
224730 
142810 
224731 
159199 
142815 
224738 
60900 
159205 
142822 
159211 
142828 
224750 
159215 
224752 
60912 
224754 
142834 
224755 
159221 
175606 
224760 
224761 
224762 
224763 
224764 
175612 
159228 
224765 
126461 
224766 
224767 
126463 
224768 
159234 
175619 
60931 
224773 
192006 
159238 
224776 
175625 
126473 
60937 
159243 
192013 
224783 
175632 
159248 
224785 
224786 
192018 
60947 
224788 
224789 
60950 
224791 
192023 
224792 
224796 
224797 
192029 
126494 
224799 
60962 
60966 
224808 
224809 
224812 
60976 
224818 
60979 
44595 
126516 
224821 
44599 
126521 
60987 
224828 
60990 
44606 
142917 
60998 
44614 
224840 
224843 
224844 
224845 
224846 
224847 
159311 
224848 
44624 
224849 
224850 
224851 
61011 
224852 
224853 
224854 
159318 
159324 
142940 
224861 
44637 
224865 
159330 
142946 
61026 
224868 
224869 
224871 
142952 
224873 
159337 
44649 
192109 
224879 
224880 
142960 
61040 
192115 
224886 
192119 
44663 
208504 
142968 
224889 
192125 
224897 
224900 
224901 
192133 
224902 
175753 
224907 
44683 
224909 
224913 
175761 
224914 
224916 
224919 
175771 
44700 
224925 
175777 
208547 
224934 
224935 
175783 
224936 
224937 
224938 
224939 
224940 
224941 
224942 
224943 
175791 
224944 
159408 
224945 
224946 
224947 
44723 
224948 
143028 
224949 
175797 
159413 
224950 
224951 
126648 
159417 
143033 
175803 
159423 
143039 
224961 
175809 
224962 
159429 
143045 
44741 
224966 
126664 
175817 
224970 
143051 
44753 
143060 
224982 
143065 
44761 
126682 
208603 
224992 
143072 
224993 
224994 
44770 
224995 
143077 
126693 
143083 
126700 
159469 
44784 
208627 
159475 
225013 
159479 
225020 
159484 
225022 
126719 
225026 
159490 
28419 
225028 
225029 
225033 
159497 
225038 
126734 
225039 
159503 
241425 
225042 
225043 
159508 
159511 
159517 
126749 
159523 
159528 
12072 
159534 
225073 
175922 
126770 
159539 
225078 
12087 
175928 
159544 
208700 
175934 
159550 
208703 
126787 
159556 
175941 
12104 
159562 
175949 
225104 
159568 
225110 
159574 
12118 
159579 
159584 
44896 
225124 
225125 
225126 
159590 
225127 
225128 
225129 
225130 
225131 
159595 
12139 
225132 
44908 
225133 
225134 
225135 
159600 
225139 
225141 
225144 
44924 
12163 
159639 
12183 
44952 
159645 
159651 
12197 
159655 
44968 
159661 
159668 
12212 
159674 
61370 
225211 
126907 
44987 
225212 
225213 
225214 
225215 
225216 
159680 
225217 
225218 
12226 
225219 
225220 
225221 
159686 
225224 
225225 
126922 
225227 
159692 
61388 
225229 
45005 
225230 
225233 
225235 
225236 
225238 
126935 
225240 
61401 
225243 
225244 
225245 
225247 
225249 
225250 
45028 
225253 
126949 
61414 
225257 
225258 
225259 
225261 
225262 
225263 
225264 
225265 
225266 
225267 
61427 
225268 
225269 
126965 
45045 
225270 
225271 
225272 
225273 
225277 
143357 
225278 
225283 
143363 
225284 
225285 
225286 
126982 
61447 
225289 
45065 
225290 
225291 
143374 
225296 
225297 
208913 
225298 
208914 
258067 
208915 
143380 
61461 
126998 
225303 
208919 
225304 
208920 
225305 
208921 
176153 
225306 
225307 
208924 
45084 
208925 
208926 
176158 
143390 
225311 
208927 
225313 
176163 
127011 
258084 
225316 
61476 
258085 
225317 
258086 
225318 
208934 
258087 
159783 
258088 
225320 
258089 
208937 
176169 
258090 
143402 
45098 
258091 
258092 
258093 
225325 
159789 
258094 
225326 
208942 
258095 
208943 
143407 
258096 
208944 
176176 
127024 
258097 
225329 
258098 
159794 
258099 
225331 
61491 
258100 
225332 
258101 
225333 
258102 
225334 
258103 
225335 
258104 
225336 
258105 
225337 
176185 
143417 
127033 
258106 
225338 
208954 
159802 
208955 
208956 
258109 
61501 
258110 
225342 
176190 
258111 
159807 
143425 
225347 
208963 
258116 
225348 
208964 
176196 
45124 
258117 
208965 
258118 
225350 
143430 
258119 
225351 
159815 
258120 
225352 
258121 
225353 
208969 
176201 
258122 
208970 
258123 
208971 
61515 
258124 
208972 
159820 
127052 
258125 
208973 
258126 
208974 
258127 
258128 
225360 
176208 
159824 
258129 
45137 
258130 
208978 
258131 
225363 
208979 
258132 
208980 
258133 
225365 
192597 
258134 
225366 
159830 
258135 
225367 
258136 
208984 
258137 
208985 
61529 
258138 
208986 
192602 
258139 
225371 
208987 
258140 
208988 
159836 
127068 
258141 
225373 
208989 
258142 
258143 
192607 
45151 
258144 
208992 
258145 
225377 
208993 
225378 
258147 
225379 
208995 
258148 
225380 
258149 
225381 
192613 
159845 
61541 
258150 
225382 
208998 
258151 
258152 
209000 
258153 
209001 
159849 
258154 
209002 
258155 
209003 
192619 
127083 
258156 
209004 
258157 
225389 
209005 
258158 
225390 
209006 
159855 
258160 
45168 
225393 
209010 
61554 
258163 
225395 
209011 
45171 
225396 
209012 
209013 
159861 
225399 
209015 
258168 
209016 
258169 
225401 
127097 
258170 
225402 
258171 
225403 
159867 
258172 
258173 
241789 
225405 
258174 
241790 
209022 
258175 
241791 
225407 
258176 
241792 
225408 
61568 
258177 
241793 
258178 
241794 
45186 
258179 
241795 
258180 
241796 
225412 
45188 
258181 
241797 
225413 
209029 
258182 
241798 
209030 
258183 
241799 
258184 
241800 
225416 
258185 
241801 
225417 
127113 
258186 
209034 
258187 
241803 
225419 
12427 
258188 
241804 
258189 
241805 
209037 
258190 
241806 
225422 
258191 
241807 
209039 
258192 
241808 
225424 
258193 
241809 
209041 
258194 
241810 
209042 
61586 
258195 
241811 
225427 
45203 
258196 
241812 
225428 
209044 
258197 
241813 
225429 
209045 
241814 
209046 
45206 
258199 
241815 
225431 
258200 
241816 
225432 
209048 
241817 
241818 
209050 
241819 
225435 
241820 
225436 
241821 
209053 
241822 
159902 
241823 
61599 
241824 
209056 
241825 
241827 
225443 
241828 
225444 
159908 
45220 
241829 
225445 
225446 
209062 
45222 
241831 
225447 
209063 
241832 
225449 
159913 
241834 
225450 
241835 
225451 
61611 
241836 
209068 
241837 
225453 
209069 
241838 
209070 
159918 
241839 
192687 
241840 
209072 
241841 
209073 
192689 
241842 
225458 
192690 
241843 
225459 
209075 
192691 
45235 
241844 
225460 
159924 
241845 
209077 
192693 
61621 
241846 
192694 
241847 
225463 
209079 
241848 
225464 
209080 
45240 
225466 
209082 
192698 
159930 
225467 
192699 
176315 
241853 
225469 
192701 
241854 
225470 
192702 
143550 
241855 
225471 
241856 
209088 
192704 
159936 
241857 
192705 
176321 
241858 
225474 
241859 
209091 
241860 
225476 
192708 
241861 
225477 
241862 
159942 
61638 
241863 
225479 
209095 
192711 
176327 
241864 
225480 
192712 
45256 
258249 
241865 
225481 
192713 
258250 
241866 
225482 
209098 
192714 
159946 
143562 
258251 
241867 
225483 
209099 
192715 
258252 
241868 
225484 
258253 
241869 
176333 
241870 
225486 
209102 
258255 
241871 
209103 
192719 
241872 
192720 
159952 
241873 
209105 
241874 
192722 
143570 
241875 
241876 
192724 
176340 
241877 
192725 
241878 
209110 
241879 
225495 
192727 
159959 
241880 
225496 
45272 
241881 
241882 
225498 
192730 
241883 
225499 
241884 
192732 
159964 
143580 
241885 
225501 
209117 
241886 
209118 
192734 
241887 
225503 
241888 
209120 
241889 
209121 
225506 
143586 
241891 
225507 
209123 
241892 
225508 
209124 
127204 
241893 
159973 
241894 
241895 
225511 
241896 
241897 
159977 
45289 
225514 
241899 
209131 
143595 
225516 
209132 
192748 
127212 
241901 
225517 
209133 
241902 
225518 
241903 
225519 
159983 
241904 
225520 
241905 
241906 
225522 
192754 
241907 
225523 
241908 
209140 
143604 
241909 
209141 
241910 
209142 
225527 
127223 
45303 
241912 
225528 
225529 
209145 
209146 
192762 
225531 
225532 
225533 
143613 
192767 
225536 
209152 
209153 
225539 
192772 
143620 
225541 
225542 
127238 
225543 
209159 
45319 
209160 
192776 
209162 
225547 
209165 
225550 
143630 
225552 
209168 
225554 
225555 
225556 
225557 
225558 
209174 
225559 
225560 
127256 
209177 
12570 
209179 
225564 
241949 
225565 
241951 
225567 
241952 
176416 
241953 
225569 
241954 
225570 
61730 
241955 
225571 
209187 
225572 
225573 
241958 
225574 
176422 
241959 
225575 
61735 
241960 
225576 
241961 
225577 
12585 
241962 
225578 
241963 
241964 
209196 
176428 
241965 
241966 
209198 
241967 
160047 
241968 
209200 
241970 
209202 
176434 
61746 
241971 
160051 
241972 
241973 
241974 
241975 
61751 
241976 
176440 
241977 
160058 
241979 
241980 
12604 
209213 
209214 
209217 
160066 
209221 
61767 
160075 
61771 
209229 
209232 
209235 
12627 
209239 
61783 
61786 
209247 
12644 
209254 
209255 
209258 
61802 
61804 
209265 
209266 
242038 
209273 
127354 
45435 
242054 
209286 
242055 
242056 
209288 
242058 
242059 
242060 
242061 
160141 
242062 
127375 
209296 
209297 
160147 
209302 
45462 
160153 
209307 
160159 
127393 
45473 
160163 
209316 
209320 
45480 
242090 
45482 
143790 
127409 
209335 
192951 
61879 
45498 
209342 
209343 
176575 
12736 
192961 
127426 
61892 
176582 
192967 
160201 
176587 
209359 
192975 
160207 
176592 
45520 
61905 
192980 
160213 
176598 
209367 
160218 
61916 
160222 
176607 
45539 
176612 
209381 
160229 
61928 
176617 
160235 
176623 
160241 
176631 
160247 
61944 
45560 
160250 
61947 
176637 
160256 
176643 
160261 
45576 
176650 
160267 
176656 
160272 
61969 
160278 
176663 
209432 
61976 
45596 
61990 
61994 
45614 
62008 
62015 
62026 
62028 
62044 
62056 
160367 
160373 
127607 
62072 
160378 
127614 
160384 
62082 
160389 
127626 
12945 
127642 
12958 
62111 
12968 
127658 
62128 
12983 
127673 
62141 
12999 
160456 
62153 
160460 
160468 
62166 
160476 
160481 
193276 
193281 
193286 
160521 
193291 
160526 
193296 
160533 
160538 
160544 
176940 
193328 
176947 
193333 
176953 
193338 
193342 
176958 
160579 
193348 
176964 
160583 
160589 
160594 
160600 
160608 
193381 
160613 
160617 
193386 
160622 
193392 
62321 
193396 
160628 
193402 
160635 
160641 
160646 
127881 
160653 
127889 
160659 
160665 
160670 
127906 
160675 
160680 
160686 
127923 
160692 
160697 
46012 
160702 
127938 
160707 
160713 
46028 
160719 
160724 
160729 
160735 
46048 
160740 
62436 
62438 
160747 
160753 
160756 
62453 
46069 
62457 
193530 
160762 
193533 
193534 
193535 
160768 
193537 
193539 
193540 
62471 
62472 
46089 
193548 
193550 
193551 
128015 
193552 
193553 
193554 
193555 
62488 
62489 
193565 
193566 
13342 
193567 
193568 
193570 
193571 
193572 
62504 
193577 
193578 
193579 
62507 
193580 
193581 
193583 
193584 
193588 
193591 
193592 
193593 
193594 
193596 
193598 
62526 
62538 
177233 
62550 
177240 
177246 
160862 
160867 
177252 
62564 
160873 
177259 
160878 
62575 
160883 
160889 
62589 
160894 
46211 
160900 
160904 
160910 
62607 
46223 
62608 
177299 
177304 
62620 
62621 
177311 
46239 
177318 
193703 
193706 
177325 
46253 
62639 
160945 
62641 
193715 
193718 
160952 
46265 
62653 
193726 
160958 
62656 
160964 
160970 
46282 
62675 
46296 
13532 
62694 
46312 
161002 
161006 
46322 
193779 
161012 
193781 
62709 
193785 
161018 
128252 
193789 
161022 
46335 
193793 
62722 
161028 
128262 
161034 
161040 
46352 
46353 
62740 
177429 
46357 
161046 
161050 
177435 
161056 
177441 
62753 
46373 
161062 
177447 
46376 
161068 
177453 
161071 
62767 
161077 
46393 
161083 
62780 
46398 
161089 
161095 
62792 
161099 
46412 
161104 
46417 
62804 
161111 
161117 
46432 
161121 
62817 
46436 
161127 
161133 
259438 
62830 
259439 
259440 
259441 
259442 
259443 
161139 
259444 
193909 
259446 
259447 
259448 
259449 
193913 
161145 
259450 
62842 
46458 
259451 
259452 
13692 
259453 
193917 
161149 
259454 
259455 
193919 
259456 
259457 
259458 
161154 
259459 
193923 
259460 
259461 
259462 
259463 
62855 
259464 
161160 
259465 
259466 
13706 
259467 
161163 
259468 
259469 
259470 
62862 
259471 
259472 
259473 
161169 
259474 
13714 
259475 
161174 
46487 
62873 
46491 
13723 
161180 
193951 
144799 
161186 
144805 
193959 
161191 
13735 
62890 
46506 
161196 
144812 
193968 
161202 
144818 
128437 
193974 
62902 
161208 
144826 
193981 
46525 
161214 
62915 
161220 
128453 
193990 
161224 
193998 
161230 
194002 
46546 
62931 
161236 
194006 
128471 
161243 
194012 
62942 
161249 
128486 
161255 
46567 
161260 
161265 
62962 
46579 
128501 
194038 
161271 
194042 
194046 
62980 
194053 
128517 
46600 
194062 
128531 
194069 
62997 
144920 
46618 
194075 
63009 
144930 
128546 
194085 
46631 
144938 
194093 
128560 
144945 
194098 
63027 
46648 
63036 
63040 
46661 
194122 
63051 
194127 
194130 
177748 
128597 
194134 
46678 
194138 
177754 
63066 
194142 
177759 
194146 
177765 
144997 
46693 
194150 
194154 
177772 
145004 
63084 
194158 
145010 
46706 
145017 
63102 
145023 
63107 
112264 
13964 
46733 
63123 
63128 
13980 
46750 
177827 
63148 
46765 
13997 
194223 
63151 
194227 
194231 
14010 
194235 
194239 
63168 
46786 
194243 
63172 
194247 
14026 
194251 
194255 
194258 
46803 
63188 
46824 
194281 
145131 
63211 
194285 
194289 
194292 
63222 
46840 
194297 
46851 
46854 
63239 
96014 
46871 
63257 
46887 
46908 
63305 
46929 
63321 
63323 
194396 
63325 
46943 
194401 
63338 
63341 
63346 
46962 
63357 
259966 
63358 
63362 
46981 
128906 
46990 
178071 
63385 
47002 
178076 
63388 
63393 
178082 
47017 
178090 
128938 
194476 
194478 
178097 
194482 
63411 
47028 
194485 
194488 
194492 
128956 
194495 
194498 
194500 
194503 
63431 
63434 
47051 
128972 
63445 
63451 
128992 
63465 
194540 
63468 
194542 
194546 
194549 
129014 
194552 
63485 
63486 
47105 
129028 
63502 
63505 
129045 
30752 
63522 
129065 
63530 
63532 
63538 
129078 
129082 
129087 
129094 
63565 
129103 
63578 
129115 
63591 
47218 
194680 
194682 
194685 
194688 
47232 
194691 
47241 
47250 
112803 
47267 
47279 
129201 
194738 
63669 
194742 
194750 
129216 
63683 
194756 
47300 
194759 
129230 
63699 
47318 
129244 
178397 
129249 
47330 
178404 
178411 
63723 
129260 
47343 
178417 
129269 
178424 
129280 
178435 
47363 
178436 
178438 
178441 
63753 
47370 
63755 
129292 
178447 
178450 
194838 
47382 
178455 
194840 
178456 
129305 
194843 
194845 
63773 
178462 
194847 
63775 
178464 
47394 
178468 
178470 
178475 
178476 
178478 
63792 
178481 
63795 
47415 
178491 
178493 
63806 
178496 
178497 
63812 
47431 
63828 
63829 
47447 
178529 
178535 
63849 
178540 
47471 
178545 
178550 
14710 
129399 
63867 
47483 
194943 
194944 
194945 
194946 
194947 
129414 
129419 
63883 
211342 
194958 
194959 
194960 
194961 
194962 
194963 
63891 
194964 
194965 
194966 
47510 
194967 
194968 
129432 
194969 
194970 
194971 
178587 
194972 
194973 
194974 
194975 
63903 
194976 
194977 
178593 
194978 
47522 
194979 
194980 
194981 
194982 
194983 
178599 
129447 
194984 
194985 
194986 
194987 
178604 
47536 
178610 
63923 
178617 
63929 
178618 
178622 
178625 
178629 
178631 
63943 
113096 
63944 
195018 
178636 
178638 
178642 
178643 
244180 
129494 
63962 
195037 
63965 
195040 
14823 
129512 
63980 
63984 
178677 
129527 
178682 
195068 
63996 
178688 
178693 
47623 
178697 
129545 
129548 
47635 
195092 
129566 
129568 
47648 
47660 
129587 
129588 
47669 
47672 
129596 
129598 
47680 
47690 
129614 
129617 
47699 
244316 
244317 
129629 
244318 
244319 
244320 
47713 
244322 
244323 
244324 
244325 
244326 
244327 
244328 
244330 
129643 
244333 
146030 
244335 
244336 
244337 
244338 
244339 
146035 
47731 
244340 
244341 
244342 
244343 
244344 
244345 
146041 
244346 
244347 
129659 
244348 
146044 
244349 
244350 
244351 
244352 
244353 
146049 
47745 
244354 
244355 
244356 
129668 
244357 
244358 
244359 
244360 
244361 
244362 
244363 
244364 
244365 
244366 
244367 
47759 
244368 
244369 
244370 
129682 
244371 
244372 
244373 
244374 
211606 
244375 
244376 
244377 
64153 
244378 
244379 
244380 
244381 
244382 
47774 
244383 
244384 
244385 
129697 
244386 
244387 
244388 
64164 
129702 
195245 
47790 
129712 
129713 
64177 
211644 
64189 
129726 
47806 
129727 
195264 
129728 
211656 
64200 
129740 
129741 
47821 
47831 
129754 
195291 
129755 
178912 
129760 
178916 
129765 
178920 
129771 
178926 
129777 
178932 
178938 
129786 
129788 
47868 
178943 
178948 
129799 
47879 
211720 
178952 
129802 
178957 
129813 
129816 
47899 
129827 
47910 
129839 
47926 
129855 
146240 
31553 
47942 
146249 
80713 
129868 
211790 
146256 
47955 
146262 
146268 
129885 
129898 
129902 
179056 
179067 
129916 
179070 
129920 
179080 
179082 
195479 
129957 
48039 
129963 
48052 
129976 
129981 
48066 
129991 
129996 
48083 
130004 
130019 
48100 
15335 
113641 
211952 
113653 
130038 
15350 
179205 
130053 
179210 
15371 
195597 
179215 
130068 
179225 
179229 
15389 
130081 
15406 
130096 
212019 
130106 
130117 
48197 
130129 
48210 
179288 
179292 
130144 
48226 
179299 
179305 
179312 
48240 
130172 
48254 
130184 
48271 
195729 
195730 
130194 
195737 
195738 
48283 
195740 
130205 
195742 
195746 
195747 
195748 
195750 
195751 
195752 
195753 
130217 
195754 
195756 
195757 
48301 
195762 
195764 
195765 
195766 
195767 
130231 
195768 
130232 
195769 
195770 
195771 
195772 
48316 
195773 
130238 
195775 
130239 
195776 
195777 
195778 
130242 
130243 
195780 
195781 
130245 
195782 
130246 
195783 
130247 
195784 
130248 
48329 
195786 
195788 
130252 
195789 
130253 
195790 
195791 
195792 
130256 
195793 
130258 
130261 
195798 
130262 
195799 
195800 
48344 
195801 
130265 
195802 
130266 
195803 
195805 
195806 
195807 
130272 
195809 
195810 
130274 
195811 
195812 
195813 
195814 
195815 
195816 
48360 
195817 
195819 
195820 
195822 
130286 
195823 
195824 
195826 
48371 
195828 
195829 
195830 
195831 
179447 
130295 
179448 
195833 
195834 
195835 
195836 
195837 
179453 
48383 
195840 
195841 
195842 
195843 
195844 
130308 
179461 
195848 
195850 
195851 
195852 
179468 
48396 
195853 
195854 
195855 
195856 
195857 
195858 
179474 
195859 
195860 
130325 
195863 
195866 
195867 
48411 
195868 
195869 
195870 
195871 
195872 
195873 
195874 
195875 
195876 
195877 
195878 
195879 
130343 
195880 
48424 
195882 
195884 
195885 
195886 
195889 
195891 
195892 
195893 
48437 
195894 
195895 
195896 
195897 
195898 
195899 
195901 
195902 
130366 
195903 
195904 
48449 
195911 
195914 
195915 
195916 
195917 
48463 
146769 
130385 
146770 
146772 
146774 
146776 
146778 
48478 
146784 
146785 
146787 
146788 
130404 
146789 
146791 
146797 
48493 
32109 
146798 
146800 
195954 
195955 
146803 
195956 
146804 
195957 
146805 
195958 
195959 
130425 
146811 
48508 
146813 
146814 
146815 
195968 
146816 
195969 
195970 
195971 
146820 
195973 
195974 
195975 
130440 
146825 
146826 
195981 
195982 
195983 
146831 
195984 
146833 
195986 
146834 
146835 
48531 
195988 
195989 
261526 
261527 
195991 
261529 
195995 
195996 
195998 
195999 
196000 
196001 
48545 
196002 
196003 
261541 
196005 
261542 
261543 
196007 
261544 
196008 
261545 
261546 
196010 
261547 
196011 
261548 
196012 
261549 
261550 
261551 
261552 
196016 
261553 
261554 
261555 
48563 
261556 
261557 
261558 
48566 
261559 
261560 
261561 
261562 
261563 
261564 
261565 
261566 
261567 
261572 
261573 
261575 
48583 
261576 
261577 
261578 
48586 
261579 
261581 
261582 
261583 
261584 
130512 
261585 
261586 
261587 
261588 
261589 
261590 
261591 
261592 
48600 
261593 
261594 
48602 
261595 
261596 
130524 
261597 
130525 
261598 
261599 
261600 
261601 
261602 
261603 
261604 
261605 
261606 
261607 
48615 
261608 
261609 
48617 
261610 
130538 
261611 
130539 
261614 
261617 
261618 
261619 
261620 
48628 
261621 
261622 
48630 
261623 
130551 
261624 
261625 
130553 
261626 
261627 
261628 
261629 
261634 
261635 
130564 
130568 
146956 
146962 
15890 
130579 
130584 
146969 
228891 
15903 
146976 
130597 
146987 
15917 
130613 
130620 
130626 
130643 
15958 
130653 
15975 
147049 
130666 
147056 
130678 
147063 
15994 
147070 
147077 
16005 
16022 
16038 
130729 
16053 
130743 
130755 
130769 
147157 
130774 
147163 
130782 
147171 
130792 
147177 
147187 
130808 
130819 
130832 
130847 
130857 
130870 
130881 
48965 
130893 
48982 
130908 
130912 
48997 
130923 
130927 
49007 
49019 
130941 
130945 
65416 
49038 
180117 
130965 
49045 
130967 
180123 
49054 
180130 
180135 
130983 
114601 
49066 
130987 
180141 
131003 
49083 
131007 
131016 
131018 
49100 
131027 
131030 
49114 
131041 
131042 
49126 
131052 
131055 
49142 
)

// ************************************************************************* //
