/*--------------------------------*- C++ -*----------------------------------*\
  =========                 |
  \\      /  F ield         | OpenFOAM: The Open Source CFD Toolbox
   \\    /   O peration     | Website:  https://openfoam.org
    \\  /    A nd           | Version:  dev
     \\/     M anipulation  |
\*---------------------------------------------------------------------------*/
FoamFile
{
    version     2.0;
    format      binary;
    class       cellSet;
    location    "constant/polyMesh/sets";
    object      topcarotideintdx5;
}
// * * * * * * * * * * * * * * * * * * * * * * * * * * * * * * * * * * * * * //


1811
(
12288 
8193 
2 
8195 
8208 
12305 
8209 
8220 
8222 
12319 
39 
8235 
12332 
8240 
8248 
8250 
12351 
184386 
8261 
184391 
8263 
184397 
12366 
184402 
8277 
12374 
8278 
184407 
12378 
12382 
12384 
12387 
8291 
12388 
8293 
258159 
8304 
258161 
12401 
258162 
12403 
8307 
258164 
12406 
118 
119 
12409 
12411 
12414 
128 
129 
12429 
12434 
12437 
12438 
12439 
12440 
176282 
176288 
241828 
241830 
176294 
12455 
258218 
12458 
176300 
12460 
12461 
12464 
12465 
176307 
12479 
12481 
12485 
12488 
12491 
12492 
12507 
12509 
12512 
8423 
12521 
8425 
12523 
12524 
8434 
12531 
12534 
8438 
241913 
241914 
12538 
241915 
241916 
12540 
241917 
241918 
176382 
12543 
241920 
12544 
8448 
241921 
8450 
241923 
241924 
241925 
176389 
241926 
241927 
241928 
241929 
241930 
12554 
8458 
241931 
241932 
176396 
241933 
241934 
12558 
8462 
241935 
12559 
241936 
241937 
273 
176402 
12562 
241941 
241942 
12566 
241943 
241944 
8472 
12569 
8475 
241948 
241950 
12581 
12584 
12587 
12589 
12592 
12595 
12609 
12611 
184646 
12614 
184647 
12618 
12621 
12625 
184658 
184659 
242009 
184665 
242010 
242011 
242014 
12640 
184676 
12646 
12648 
12649 
12650 
12651 
184692 
184693 
12668 
12669 
12670 
12671 
12672 
184705 
12673 
184706 
8587 
8588 
8594 
12692 
12694 
8599 
12697 
409 
410 
12699 
411 
12700 
8604 
412 
413 
414 
12703 
415 
176544 
416 
417 
418 
8611 
419 
420 
421 
176550 
422 
423 
424 
12713 
425 
12714 
176556 
12718 
8622 
12720 
176562 
8626 
12724 
12727 
176568 
444 
8638 
449 
8642 
8661 
8673 
12771 
8683 
12783 
8694 
12797 
8705 
12811 
8721 
12826 
8731 
184874 
8746 
12845 
184879 
184883 
8761 
8767 
12867 
189003 
189008 
12884 
189015 
189022 
12896 
189029 
12911 
12929 
12944 
8856 
12956 
8870 
12973 
8885 
12989 
8899 
8912 
13010 
13024 
185058 
185064 
13035 
13048 
172803 
172808 
13065 
176908 
172814 
176914 
172821 
13079 
176922 
13082 
172828 
13086 
13087 
176928 
13090 
13092 
176933 
13105 
13108 
13110 
9015 
9016 
13113 
13116 
13119 
9027 
172869 
9029 
13130 
172877 
13133 
13136 
9041 
9042 
172883 
13140 
172888 
13145 
13146 
172893 
9053 
9055 
13157 
172903 
13160 
13162 
9066 
172908 
9069 
13166 
13168 
13170 
172915 
172918 
9081 
9082 
172924 
13186 
13190 
9094 
13192 
9096 
13195 
9101 
9106 
9115 
9119 
13225 
9133 
9134 
13231 
234422 
13243 
13248 
9152 
9155 
181194 
181195 
13259 
181197 
234446 
181198 
234447 
181199 
234448 
13264 
234449 
181201 
234450 
234451 
9171 
234452 
234453 
9173 
234454 
181206 
234455 
234456 
181208 
234457 
173017 
181211 
234460 
181212 
234461 
181213 
13277 
181215 
173023 
13281 
181221 
173029 
9189 
181222 
9190 
181223 
181225 
173035 
181228 
181229 
173041 
234482 
181237 
9205 
9206 
181240 
193530 
181243 
193533 
181245 
193534 
193535 
181247 
181248 
9217 
13314 
9220 
13317 
13321 
181258 
181261 
13325 
193551 
181263 
193552 
13328 
193553 
13329 
193554 
13331 
9235 
181268 
9236 
193565 
193566 
193567 
9248 
9250 
13347 
193572 
13348 
13350 
13351 
193579 
193580 
13356 
193581 
13358 
193583 
9263 
13361 
9266 
193592 
193593 
193594 
193596 
13387 
13391 
13393 
13397 
13400 
13403 
9308 
13405 
9310 
9325 
13423 
9327 
13425 
13427 
13431 
173176 
13434 
13435 
13437 
173182 
9343 
173189 
173195 
9355 
13453 
173201 
13462 
13465 
13469 
13472 
9379 
9394 
13494 
9407 
13507 
9423 
13522 
9437 
13545 
9450 
9461 
13560 
9474 
13575 
189704 
13580 
189709 
9488 
189715 
13591 
189721 
13594 
9500 
189729 
13606 
13608 
9513 
181549 
181552 
177460 
13621 
13623 
9527 
181560 
177466 
181567 
177472 
181572 
9540 
13637 
13639 
177480 
177489 
9556 
13656 
9570 
13669 
13681 
9585 
9598 
13697 
9612 
9621 
13728 
9635 
9650 
13747 
13758 
9664 
9676 
13773 
9690 
13787 
9693 
13801 
9705 
9709 
13816 
9720 
9722 
13829 
9733 
9735 
13843 
9748 
9750 
13856 
9761 
9764 
13867 
9775 
9778 
9784 
9788 
185917 
185922 
13890 
13895 
185928 
9801 
9804 
185933 
13909 
9815 
185944 
13914 
9818 
13926 
13928 
9833 
9844 
13942 
13944 
9856 
1674 
1675 
9868 
1676 
1677 
1678 
185999 
1679 
1680 
1681 
1682 
1683 
1684 
186005 
1685 
1686 
1687 
1688 
9881 
1689 
13978 
1690 
186011 
1691 
1692 
1693 
1694 
1695 
186016 
1696 
1697 
1698 
1699 
1700 
9893 
1701 
1702 
13991 
1703 
186024 
1704 
9897 
1705 
1706 
1707 
9908 
14006 
9911 
177853 
177859 
9923 
14021 
9926 
177867 
14032 
177873 
9939 
9941 
177881 
173789 
173792 
14048 
9956 
173798 
14056 
9960 
14057 
14058 
173805 
14062 
14063 
173811 
9974 
9976 
173818 
14077 
14078 
173824 
14081 
14084 
9988 
9990 
173831 
14087 
14089 
173837 
10003 
173844 
14100 
10004 
14102 
14105 
14106 
14107 
14110 
10016 
10017 
194342 
14121 
194346 
14123 
14125 
194350 
10030 
14128 
194353 
10033 
14131 
14132 
194359 
173883 
10049 
173890 
173896 
10060 
173901 
1869 
1870 
1871 
1872 
1873 
1874 
173908 
14166 
14170 
10075 
14180 
1894 
10087 
1895 
14186 
14188 
14194 
182131 
10100 
182139 
10114 
1922 
182147 
10116 
1925 
14217 
182159 
182165 
14230 
182171 
14237 
10143 
186274 
10148 
186282 
14250 
182192 
10160 
186291 
10164 
14266 
178107 
186302 
182206 
178112 
10176 
186307 
10179 
182214 
178123 
14283 
178127 
10192 
10193 
178131 
14297 
182234 
10209 
10212 
14309 
174056 
174062 
10223 
10225 
174068 
14324 
174075 
10239 
174080 
10240 
14340 
10254 
10257 
14359 
14361 
10266 
10271 
14380 
10287 
14384 
10303 
10313 
10326 
14426 
14429 
10340 
14444 
14448 
10357 
14462 
14464 
10368 
10381 
14482 
190617 
10394 
190623 
14497 
190630 
10409 
190635 
190644 
14516 
10424 
14529 
10438 
174287 
14543 
10451 
174293 
174300 
14557 
14560 
10464 
174305 
10470 
174312 
10478 
14584 
10489 
14587 
14590 
14593 
178435 
178436 
178438 
178439 
10503 
178441 
14604 
178447 
14607 
178450 
14612 
10516 
190741 
178453 
14614 
178455 
178456 
14617 
190747 
14619 
178462 
178464 
10528 
190753 
178466 
178468 
178470 
14630 
190759 
14634 
178475 
178476 
14636 
10540 
14637 
190766 
178478 
14638 
186672 
178480 
14640 
178481 
10552 
186683 
178491 
178493 
178494 
14654 
14655 
178496 
14656 
178497 
186690 
14659 
10565 
14662 
14663 
186696 
186701 
10579 
14676 
14677 
14680 
14682 
14685 
10592 
14689 
182638 
10607 
14705 
14706 
182644 
174455 
10618 
182651 
178556 
174462 
182657 
178561 
14721 
174467 
14724 
182663 
178567 
174475 
223628 
10636 
223630 
178574 
223631 
174482 
223635 
178580 
10644 
14747 
14751 
223652 
10663 
14766 
14767 
10678 
14782 
14785 
223683 
223684 
10692 
223686 
223691 
223698 
10706 
14803 
190941 
190942 
10720 
223715 
14819 
190958 
10734 
190959 
14831 
223737 
190972 
190973 
223742 
14846 
223744 
10752 
223745 
190982 
190985 
10766 
14863 
190996 
190998 
14875 
14876 
10780 
14877 
14878 
14879 
14880 
223777 
14885 
14887 
14888 
14890 
14891 
14892 
14894 
14895 
10799 
14896 
14897 
14898 
223795 
14900 
14903 
14904 
14906 
14908 
14909 
14911 
186944 
14912 
186946 
14915 
186948 
14916 
195141 
186949 
186950 
14918 
195143 
10823 
195144 
186952 
14920 
186953 
14921 
195146 
195148 
195149 
195150 
14926 
186959 
195152 
186960 
14928 
223826 
195154 
195155 
186963 
195156 
14932 
195157 
186965 
195158 
195159 
186967 
14935 
195160 
186968 
195161 
186969 
195162 
14938 
195163 
14939 
195164 
195165 
195166 
195167 
186975 
195168 
186976 
195169 
195170 
186978 
14946 
195171 
14947 
195172 
186980 
195173 
186981 
195174 
186982 
223847 
195175 
195176 
195177 
186985 
195178 
195179 
14955 
195180 
195181 
14958 
195183 
186991 
186993 
223858 
195186 
186994 
186995 
195188 
195189 
186997 
195190 
186998 
195191 
186999 
195193 
195194 
195195 
14971 
195196 
187004 
195197 
187005 
14973 
195198 
187006 
195199 
195200 
195201 
14977 
195202 
187010 
195203 
195204 
187012 
14980 
195205 
187013 
195206 
187014 
14982 
195207 
14983 
195208 
195209 
195210 
195211 
195212 
195213 
195214 
195215 
195216 
195217 
195218 
195219 
195220 
14996 
195221 
195222 
14998 
195223 
14999 
195224 
195225 
15001 
195226 
15002 
195227 
195228 
15004 
195229 
195230 
195231 
195232 
195233 
195234 
195235 
195236 
195237 
195238 
195239 
195240 
15016 
195241 
195242 
15018 
195243 
195244 
15020 
15021 
195247 
15024 
195250 
195251 
15028 
223934 
15039 
15041 
195268 
15044 
195269 
15045 
195270 
195271 
195272 
15048 
195273 
15050 
195276 
195277 
195278 
195279 
195281 
248530 
195283 
195284 
195285 
195286 
15062 
223959 
15064 
195289 
15066 
195292 
15068 
195293 
195294 
195295 
15071 
195296 
10977 
195298 
195299 
195300 
15076 
195301 
195302 
195303 
195304 
10984 
195305 
195306 
195307 
195308 
15084 
223981 
195309 
223982 
195310 
223983 
195311 
15087 
223984 
195312 
15088 
223985 
195313 
223986 
195314 
15090 
10994 
223987 
195315 
15091 
223988 
195316 
223989 
195317 
223990 
195318 
15094 
195319 
223992 
195320 
195321 
223994 
195322 
195323 
195324 
195325 
195326 
195327 
195328 
195329 
15105 
11009 
195330 
195331 
195332 
15108 
195333 
195334 
15110 
195335 
195336 
15112 
195337 
195338 
195339 
15115 
195340 
15116 
195341 
195342 
195343 
195344 
195345 
195346 
11026 
195347 
195348 
195349 
195350 
195351 
195352 
195353 
15129 
195354 
195355 
195356 
15132 
195357 
248606 
195358 
15134 
248607 
195359 
15135 
248608 
195360 
248609 
195361 
248610 
195362 
248611 
195363 
248612 
195364 
15140 
248613 
195365 
248614 
195366 
15142 
248615 
195367 
11047 
248616 
195368 
248617 
195369 
11049 
248618 
195370 
195371 
248620 
195372 
174892 
248621 
195373 
248622 
195374 
248623 
195375 
248624 
195376 
248625 
195377 
195378 
174898 
15154 
248627 
195379 
195380 
248629 
195381 
15157 
195382 
195383 
15159 
11063 
174904 
224057 
11067 
15164 
248638 
174910 
15167 
15169 
174916 
11080 
11083 
15182 
15185 
15189 
15191 
11096 
15193 
11097 
15194 
11114 
15212 
15213 
11117 
15215 
248689 
248690 
15218 
248691 
248692 
15221 
15225 
11134 
15236 
15239 
15244 
11151 
15253 
15256 
11160 
15259 
11171 
15272 
15274 
15275 
15277 
175023 
15281 
11188 
175029 
15285 
175035 
175042 
15299 
15300 
224198 
11206 
224199 
15303 
11207 
224201 
224202 
11210 
224203 
15307 
224204 
224205 
15309 
175055 
15312 
175061 
224215 
11225 
175067 
11228 
15325 
15327 
175073 
11233 
15330 
15332 
175080 
15336 
15339 
11248 
11253 
11257 
15355 
224253 
15357 
224255 
15361 
15362 
224260 
15365 
15367 
11272 
11275 
175116 
11277 
175122 
15380 
15384 
175129 
15388 
175134 
15390 
11294 
224287 
15392 
11297 
15394 
175140 
175149 
175150 
15407 
175155 
15411 
15412 
175157 
15413 
15415 
11319 
175162 
175165 
11325 
175171 
175172 
11333 
11335 
175178 
175179 
11343 
11344 
3154 
3155 
11350 
3159 
15448 
3160 
11353 
3164 
3165 
3166 
11359 
3167 
11361 
3170 
3171 
3172 
3173 
15462 
3174 
3175 
15464 
15466 
15468 
15470 
15471 
3183 
11376 
11378 
187509 
11381 
187510 
3190 
11383 
3191 
3192 
11386 
11387 
15484 
187517 
15486 
15488 
187523 
187524 
15492 
15494 
15495 
187529 
11402 
11405 
187534 
11406 
187536 
11408 
11410 
11411 
187544 
187552 
187553 
187554 
11427 
11429 
11430 
11431 
11432 
224428 
11436 
187567 
187569 
187570 
224436 
224437 
224443 
224444 
11452 
11455 
11457 
11459 
224454 
11463 
11467 
11481 
11485 
11488 
224486 
224488 
191721 
191722 
191724 
11500 
224495 
191727 
191728 
191733 
191736 
224505 
191739 
11515 
191742 
191743 
224513 
224514 
224515 
224516 
191748 
224517 
224518 
191750 
224519 
191751 
11527 
224520 
224521 
224522 
191754 
224523 
224524 
191756 
224525 
191762 
191766 
191767 
11543 
191768 
191769 
224539 
224540 
224541 
191776 
224546 
191779 
224548 
191780 
11558 
224551 
191783 
191784 
11572 
175415 
224573 
175421 
11584 
175428 
11589 
175434 
224591 
175439 
11602 
11605 
224609 
11620 
11623 
179562 
179569 
11639 
11641 
224636 
179580 
224639 
179585 
224644 
224645 
224647 
179593 
11657 
11659 
224652 
11670 
11682 
224675 
224676 
224677 
224678 
224679 
224681 
11696 
224700 
11709 
11737 
11743 
11745 
11747 
11749 
11751 
261616 
11765 
11767 
224760 
11769 
224762 
11770 
224763 
11773 
11777 
11790 
11793 
11797 
11800 
11804 
11806 
224802 
11820 
11822 
11825 
11830 
11832 
11836 
11850 
11853 
11855 
11856 
11858 
175703 
11864 
175709 
11877 
175719 
175729 
11894 
175740 
11907 
11918 
192145 
192155 
11931 
192165 
11950 
192175 
11953 
11956 
192181 
11960 
11961 
11964 
11979 
11980 
11982 
11985 
11987 
11991 
184034 
184036 
184038 
184041 
184042 
184043 
12013 
12016 
184049 
184050 
175858 
12018 
184051 
184054 
12022 
184055 
175864 
184057 
253690 
12026 
253692 
12028 
253693 
175869 
253694 
253695 
184063 
253696 
184064 
184065 
184066 
184067 
175875 
184069 
253703 
12040 
175881 
12042 
184075 
184076 
12044 
184077 
184079 
184080 
12048 
184081 
12051 
12055 
12066 
12068 
12071 
12075 
12080 
12081 
12095 
12099 
12101 
8005 
12105 
12108 
12110 
8018 
12122 
12124 
8031 
12128 
12130 
12132 
12133 
8042 
12146 
8052 
12150 
12152 
12155 
12156 
12157 
8069 
12171 
12180 
12182 
12184 
12185 
12186 
12199 
12200 
12201 
8105 
12204 
12207 
12208 
8123 
12227 
8136 
12242 
188379 
8157 
188384 
12259 
188390 
188396 
12273 
188402 
8180 
8182 
)

// ************************************************************************* //
