/*--------------------------------*- C++ -*----------------------------------*\
  =========                 |
  \\      /  F ield         | OpenFOAM: The Open Source CFD Toolbox
   \\    /   O peration     | Website:  https://openfoam.org
    \\  /    A nd           | Version:  dev
     \\/     M anipulation  |
\*---------------------------------------------------------------------------*/
FoamFile
{
    version     2.0;
    format      binary;
    class       cellSet;
    location    "constant/polyMesh/sets";
    object      topcarotidesx4;
}
// * * * * * * * * * * * * * * * * * * * * * * * * * * * * * * * * * * * * * //


2465
(
32768 
32772 
40966 
122887 
73737 
32779 
32783 
73748 
32788 
40981 
32789 
122906 
32797 
32800 
73761 
32802 
40995 
32804 
122922 
45 
32814 
46 
47 
32819 
32821 
32822 
41017 
32828 
32830 
41023 
32833 
32835 
41030 
122953 
32848 
32852 
41046 
32854 
32857 
122973 
32861 
41059 
32868 
32875 
122988 
32877 
32882 
41077 
32886 
32887 
123005 
32901 
135 
41096 
32904 
136 
137 
32906 
32907 
32908 
123022 
41113 
32925 
32926 
123041 
32929 
32930 
32933 
41126 
32945 
123059 
41142 
32950 
32951 
32955 
32957 
32962 
123075 
41162 
32974 
32977 
123091 
32979 
41177 
225 
226 
41187 
123109 
33001 
33005 
123120 
41203 
33011 
33019 
33022 
123137 
33027 
41221 
33035 
33037 
123150 
33043 
33049 
281 
33052 
123168 
33057 
33067 
33070 
123188 
33081 
33083 
33087 
33100 
33102 
33104 
33117 
41311 
33120 
33122 
41325 
33135 
41340 
33151 
33156 
41353 
41361 
123282 
123289 
123301 
41382 
33196 
123312 
41394 
33205 
33211 
123329 
41409 
33224 
33227 
41424 
123347 
33239 
41435 
123356 
33244 
123367 
33257 
41452 
33271 
123384 
33273 
41468 
123400 
41483 
33291 
33292 
41496 
33304 
123417 
33306 
33319 
123433 
41513 
33325 
33334 
123453 
33342 
41537 
33351 
33353 
123467 
41552 
123482 
33370 
41563 
33373 
41576 
33387 
123503 
33394 
41592 
33402 
33407 
123520 
33417 
33420 
123535 
33432 
33435 
123548 
33446 
33454 
33459 
33468 
33474 
123587 
33482 
123602 
33490 
33497 
123616 
33505 
123621 
33511 
33518 
33530 
33540 
123656 
33545 
33553 
123673 
33561 
33563 
33565 
123690 
33579 
33581 
33582 
123703 
33595 
33598 
33600 
33612 
33615 
33617 
123741 
33629 
33630 
33631 
123744 
33646 
33647 
123760 
33648 
123764 
33652 
123776 
33664 
33665 
33666 
66435 
123780 
33669 
33677 
66449 
33683 
33687 
33690 
66462 
33696 
123810 
33699 
123814 
33703 
66476 
33709 
33716 
33718 
66489 
33721 
33725 
33736 
33737 
66512 
33748 
123861 
33750 
123864 
33758 
33761 
66531 
41965 
123886 
33775 
123888 
33777 
66548 
41980 
33790 
33795 
123908 
66565 
41995 
123916 
33805 
33810 
66580 
42008 
123930 
33819 
123934 
33824 
1057 
1058 
1059 
1060 
1061 
42023 
1063 
33832 
1064 
1066 
33844 
42040 
33848 
42053 
33862 
33878 
42071 
33885 
33894 
42091 
33903 
42103 
33912 
33923 
33928 
42124 
33935 
33941 
33946 
42141 
33949 
33963 
33965 
33966 
42159 
42172 
33980 
33983 
33984 
33991 
42186 
33994 
33998 
34009 
34013 
34027 
66800 
34036 
34039 
255228 
255229 
66813 
255230 
255231 
34047 
255232 
255233 
255234 
255235 
34052 
66826 
34059 
34065 
255250 
255251 
255255 
66839 
255256 
255257 
255258 
255259 
34075 
255260 
42269 
34079 
66851 
1316 
1317 
1318 
1319 
34088 
1320 
42281 
1321 
1322 
1323 
1324 
1325 
1326 
34095 
34096 
34100 
42296 
34104 
34116 
34119 
42312 
34124 
34128 
42328 
34143 
34144 
34148 
34152 
34164 
34168 
34170 
34172 
34182 
34188 
34193 
34194 
66964 
34200 
34206 
34212 
66981 
34218 
66993 
34226 
34233 
67004 
34236 
34238 
67016 
34253 
34254 
34255 
34267 
34268 
34272 
34283 
34288 
34292 
34301 
42503 
34315 
42514 
34323 
67093 
34328 
42527 
34337 
67106 
42540 
34349 
67119 
34353 
34359 
67128 
34364 
42561 
67139 
34375 
34386 
67157 
1629 
34398 
1630 
1631 
1632 
1633 
1634 
67171 
34403 
1635 
1636 
1637 
1638 
1639 
1640 
1641 
1642 
34411 
1643 
1644 
34414 
67184 
67198 
34431 
34433 
67208 
34449 
34454 
34464 
34467 
34480 
34482 
34495 
34497 
67271 
34507 
34510 
67283 
34521 
34525 
67295 
67300 
34533 
34539 
67308 
34543 
34551 
34552 
34554 
34568 
34569 
34570 
34584 
34585 
34586 
34600 
34601 
34603 
34620 
34621 
34639 
34640 
34652 
34655 
34665 
34669 
34685 
34700 
34710 
34712 
34713 
34722 
34729 
34732 
34741 
34746 
34750 
34765 
34767 
34769 
42964 
34784 
34788 
42981 
34790 
34800 
43000 
34812 
34820 
43016 
34830 
34844 
43038 
34850 
67619 
67630 
34862 
34870 
34872 
67642 
34877 
67648 
34880 
67656 
34895 
34898 
34900 
34906 
34921 
34922 
34923 
34926 
34945 
34947 
34949 
34952 
43145 
34962 
34964 
2197 
43158 
34966 
2198 
34971 
2206 
2208 
2210 
43171 
2211 
2212 
34982 
34986 
34987 
43185 
2226 
2227 
35000 
35002 
2234 
2235 
2236 
43197 
2237 
2239 
2240 
35013 
35014 
2247 
43211 
2251 
2252 
35026 
35027 
43224 
35038 
35039 
35042 
35047 
35054 
35057 
35060 
43254 
35069 
35070 
35073 
43268 
35081 
35084 
35087 
43283 
35096 
35102 
35105 
35116 
35121 
35126 
35133 
35141 
35145 
67919 
35153 
35160 
35162 
67932 
35169 
67946 
35179 
35181 
35186 
67963 
35196 
35199 
67976 
35208 
35210 
35212 
35217 
67988 
35225 
35230 
68000 
35237 
35243 
68013 
35253 
43450 
68028 
35261 
35265 
43464 
68041 
35278 
43478 
35286 
35292 
43495 
35303 
35312 
35319 
43515 
35327 
35334 
35344 
35351 
43547 
35365 
35370 
35375 
43568 
35384 
43578 
35392 
35398 
43600 
35408 
35412 
248416 
248417 
35425 
248418 
248420 
35428 
43622 
35430 
248423 
248424 
248425 
248426 
248427 
248428 
248429 
248430 
68206 
248431 
35439 
248432 
248433 
248434 
248435 
248436 
248437 
248438 
248439 
248440 
35448 
248441 
35450 
43644 
68224 
35456 
43658 
35468 
35471 
68244 
35479 
43676 
35486 
35489 
68264 
35496 
43692 
35503 
35506 
68278 
35510 
43705 
35526 
35527 
43721 
43734 
35542 
35545 
43745 
43750 
35558 
35562 
43760 
35577 
35580 
43776 
264973 
35597 
43790 
35601 
35604 
43804 
35617 
35625 
43823 
35632 
35645 
35647 
43841 
35661 
35663 
35677 
35678 
2913 
35689 
35690 
35693 
2926 
35703 
2938 
35707 
2939 
35709 
2941 
2942 
2943 
2947 
2949 
2950 
35722 
35723 
35724 
35725 
35726 
35727 
35736 
68505 
35737 
2970 
2971 
35740 
2972 
2975 
2978 
2980 
35749 
2981 
68520 
35753 
2985 
2986 
2988 
2990 
2991 
2992 
2993 
2994 
2995 
35764 
2996 
2997 
2998 
68535 
35767 
2999 
3000 
3001 
3002 
3003 
35778 
35779 
68549 
35793 
35794 
68563 
35809 
35810 
68579 
68591 
35826 
35828 
68602 
35840 
35845 
68615 
35856 
68628 
35861 
35873 
35874 
35892 
35893 
35895 
35896 
35898 
35906 
35908 
35910 
35919 
35921 
35922 
35928 
68697 
35931 
35933 
35943 
68712 
68726 
35959 
35961 
35972 
35975 
68744 
35985 
35988 
35990 
68761 
36000 
36001 
36002 
36012 
36014 
36016 
36026 
36027 
36028 
36039 
36040 
36042 
36051 
36055 
36060 
36072 
36079 
36081 
68851 
36091 
68864 
36096 
36105 
36110 
68879 
36121 
36124 
232733 
232734 
232735 
68895 
232736 
232737 
232738 
232739 
36131 
36137 
36143 
68912 
232754 
232758 
36157 
232767 
232768 
232769 
232770 
232771 
36166 
36168 
36171 
36179 
36183 
36187 
36193 
36197 
36200 
36207 
36211 
36216 
36226 
36229 
36231 
36239 
36241 
36250 
36256 
36263 
36266 
36279 
36285 
36291 
36300 
36309 
36316 
36328 
36335 
36336 
36350 
36352 
36365 
36367 
36379 
36383 
36393 
36395 
36424 
36426 
36440 
36441 
36454 
36456 
36469 
36470 
69243 
36483 
36486 
69255 
36496 
69266 
36501 
69278 
36510 
36513 
69288 
36521 
36526 
36535 
69304 
36539 
36545 
69318 
36551 
36560 
69330 
36566 
36572 
69344 
36579 
36581 
69354 
36588 
36591 
36600 
36603 
36611 
36616 
36627 
36630 
36642 
36653 
36654 
36665 
36666 
69446 
36679 
36680 
69456 
36693 
36694 
69469 
36706 
36707 
69488 
36720 
36721 
36723 
36734 
69503 
36735 
36737 
36754 
36762 
36763 
36770 
36777 
36779 
36784 
36796 
36806 
36811 
36814 
36819 
36828 
36830 
36835 
36843 
36845 
36848 
36857 
36858 
36862 
241665 
241666 
200706 
241667 
200707 
241669 
200709 
241670 
241671 
200711 
241672 
241673 
200713 
36873 
200714 
36874 
241675 
200715 
241676 
36876 
258061 
200717 
241678 
241679 
200719 
241680 
241681 
200721 
241682 
200722 
241683 
241684 
241685 
241686 
200726 
241687 
200727 
241688 
200728 
241689 
36889 
241690 
36890 
241691 
200731 
241692 
241693 
200733 
241694 
200735 
200736 
200737 
241698 
241699 
200739 
241700 
200740 
200743 
36904 
200745 
200746 
200747 
200748 
200750 
200751 
200752 
36918 
36952 
36965 
69736 
36979 
36981 
69751 
36990 
36993 
69765 
37004 
37006 
69778 
37016 
37018 
69791 
37029 
37032 
37043 
37044 
37046 
37055 
37058 
37061 
37071 
37075 
37077 
37086 
37091 
37094 
37098 
37110 
37127 
37128 
37134 
37144 
37146 
37149 
37157 
37160 
37164 
37172 
37173 
37177 
37186 
37189 
37204 
37207 
119131 
119133 
37216 
119137 
37220 
119150 
119153 
37233 
119156 
37236 
37249 
119171 
37251 
119173 
119174 
119181 
119182 
37263 
119188 
37277 
119198 
119202 
119206 
37287 
37290 
37291 
37304 
119225 
119226 
119228 
119231 
37317 
119247 
119248 
119249 
119251 
37337 
250330 
250331 
250332 
250333 
250334 
250335 
250336 
250337 
250338 
250339 
37348 
119269 
119271 
119272 
119275 
250350 
37363 
250357 
250358 
250359 
250360 
250361 
250362 
119294 
37376 
119297 
119298 
119301 
37390 
70163 
70164 
119319 
70168 
119322 
119324 
119325 
37406 
70181 
70185 
37420 
70189 
37442 
70223 
70229 
70231 
70246 
70249 
70251 
37483 
70262 
37496 
70267 
119421 
70271 
119424 
119425 
37512 
37522 
29330 
119443 
119444 
119447 
29342 
37535 
119460 
119464 
29352 
37546 
119468 
37556 
29366 
119483 
119485 
119486 
29381 
119501 
70350 
119504 
29394 
119508 
70366 
29406 
70369 
29416 
70380 
29430 
70397 
29444 
29456 
29469 
119589 
119593 
29483 
119597 
119607 
29497 
119611 
119616 
29511 
119628 
119631 
119634 
37721 
119647 
119649 
29539 
119653 
37737 
29550 
234351 
234352 
234354 
234355 
234356 
234357 
234358 
119670 
234359 
37751 
29559 
119673 
119674 
29570 
37764 
29583 
37778 
29588 
29594 
37789 
29600 
29605 
29609 
37804 
29615 
29624 
37820 
29633 
29644 
37838 
29658 
37855 
119779 
119787 
37872 
119794 
29686 
29688 
29690 
119806 
37887 
119810 
119812 
29704 
29705 
29706 
37903 
119828 
119830 
119831 
29719 
29723 
37916 
29724 
29727 
37928 
119850 
29740 
119853 
119855 
29744 
29747 
119862 
119865 
119870 
37951 
119874 
119879 
29772 
119886 
37966 
29775 
29776 
37978 
119900 
29789 
119902 
29790 
29791 
119906 
29794 
37993 
29808 
119922 
119924 
29812 
119925 
38007 
29815 
29825 
29828 
29830 
119944 
38024 
119945 
119946 
29844 
38037 
29845 
119961 
29850 
119964 
29852 
119966 
38050 
29866 
29869 
119983 
38064 
29872 
119986 
119990 
119993 
29882 
29886 
38080 
29888 
120003 
120007 
120010 
120011 
29901 
29904 
29906 
38099 
29907 
120023 
120027 
120031 
120032 
38113 
29921 
29924 
29926 
38122 
29932 
29936 
29937 
38135 
29945 
29946 
120063 
29951 
120066 
29954 
38149 
120072 
120075 
38169 
29978 
120091 
120095 
29987 
120102 
120105 
38185 
70957 
29997 
38201 
30009 
70971 
30021 
70984 
38219 
30031 
70999 
30042 
38237 
71012 
30054 
259435 
120175 
30066 
120179 
38262 
30077 
120193 
120196 
30089 
120203 
38283 
30093 
120207 
38291 
30106 
120225 
38306 
30117 
120230 
120240 
30129 
120246 
38326 
30154 
30162 
30164 
30167 
30171 
30177 
30179 
30182 
30193 
30204 
30206 
30209 
30211 
30221 
30224 
30226 
30238 
120354 
30247 
30250 
30251 
30254 
120379 
30270 
30273 
30276 
120397 
30287 
30299 
30301 
120414 
30305 
38498 
30307 
30318 
38512 
30321 
120435 
30326 
38524 
30338 
120454 
120455 
38538 
120460 
30348 
30351 
120465 
30355 
30359 
38553 
120479 
30368 
120482 
30372 
120488 
30376 
120490 
120504 
120506 
120509 
120510 
30398 
30409 
120524 
120528 
30418 
120531 
120534 
30431 
120564 
120568 
120586 
30482 
120605 
30496 
120619 
30509 
120634 
30522 
30536 
120650 
30551 
120667 
120670 
30559 
30567 
120684 
30574 
120688 
30581 
120698 
30588 
120701 
120718 
30606 
30608 
120723 
30614 
30617 
120736 
30625 
120739 
30641 
30653 
30667 
30693 
30708 
30710 
30713 
30715 
30719 
120832 
120834 
30723 
120837 
30726 
30727 
30730 
30732 
30734 
30735 
30738 
30739 
120853 
30742 
30743 
120856 
120859 
30747 
30748 
120872 
30760 
120876 
30764 
120880 
30770 
120889 
30779 
120893 
120895 
30790 
120914 
30802 
120916 
30815 
30827 
39023 
30837 
39036 
30850 
39051 
30861 
30874 
39067 
30887 
39102 
30911 
121025 
71876 
39114 
121039 
71890 
30934 
39131 
121052 
71903 
30944 
121059 
39139 
30947 
71909 
30953 
71919 
39151 
30960 
121075 
30969 
71934 
39167 
71937 
30981 
121097 
71947 
121100 
39180 
71949 
30994 
71961 
121115 
39195 
71965 
31007 
121120 
31015 
39208 
71978 
121131 
71980 
121133 
31027 
39220 
71991 
71993 
121146 
121149 
31037 
31040 
31042 
39235 
31045 
31052 
121165 
31055 
121169 
31057 
39254 
31067 
31071 
31073 
121189 
39272 
31085 
31086 
31088 
121203 
39286 
31101 
31103 
31105 
121218 
31108 
39302 
39312 
121244 
31133 
39328 
31137 
31142 
121261 
31151 
39346 
31156 
31158 
31160 
121278 
121281 
31170 
39363 
121284 
31173 
121298 
39378 
121301 
121302 
31193 
121318 
121321 
31209 
121324 
31223 
121340 
31229 
121343 
31231 
121345 
31235 
31239 
244235 
203275 
244236 
203276 
244237 
203277 
244238 
244239 
203279 
31247 
244240 
203280 
244241 
203281 
121361 
244242 
203282 
244243 
203283 
244244 
203284 
244245 
203285 
244246 
203286 
244247 
203287 
244248 
203288 
244249 
203289 
244250 
203290 
31258 
244251 
203291 
244252 
203292 
31260 
244253 
203293 
31261 
244254 
203294 
244255 
203295 
244256 
203296 
203297 
203299 
203300 
31268 
203301 
203302 
203303 
121383 
203304 
39464 
203305 
121385 
203306 
244267 
203307 
203308 
203309 
31277 
203310 
203311 
121391 
203312 
203313 
31281 
203314 
203315 
203316 
203317 
203319 
203320 
121400 
203321 
203322 
203323 
244284 
203324 
39484 
31292 
203325 
121405 
203326 
203327 
31295 
244288 
203328 
121408 
244289 
203329 
244290 
203330 
31298 
203331 
244292 
203332 
244293 
203333 
203334 
203335 
203336 
39496 
244297 
203337 
244298 
203338 
31306 
244299 
203339 
244300 
203340 
244301 
203341 
121421 
244302 
203342 
244303 
203343 
31311 
203344 
203345 
121425 
203346 
203347 
203349 
39509 
203350 
203351 
31319 
121432 
203353 
203354 
31322 
203355 
203356 
203359 
31327 
203360 
203361 
203362 
39522 
203363 
31331 
203364 
203365 
203366 
31334 
121448 
203369 
121452 
121455 
31344 
203377 
203378 
39538 
203379 
203380 
31349 
203382 
203383 
203384 
203385 
203389 
203390 
31358 
203391 
39554 
31362 
203395 
203396 
31364 
31365 
203403 
203404 
203405 
203407 
203408 
203409 
39569 
203410 
31380 
203413 
203414 
31382 
203415 
203417 
203420 
121501 
39584 
203426 
31395 
203428 
203429 
203432 
203433 
203434 
203435 
203436 
31405 
121519 
39599 
31410 
31418 
39612 
121535 
39620 
31428 
31435 
121551 
31440 
39634 
31447 
121562 
39646 
31455 
31460 
31467 
31472 
39668 
39682 
31490 
31497 
31498 
31500 
39693 
31505 
31506 
39709 
31521 
121639 
39722 
31535 
31539 
121652 
31542 
39736 
31545 
31546 
121667 
31572 
121685 
31578 
31581 
31587 
31589 
121702 
31590 
31606 
121725 
121730 
31619 
31620 
31623 
31625 
31627 
31647 
31648 
31651 
31652 
121766 
31655 
121770 
31667 
31674 
121787 
121793 
31681 
31686 
31694 
121807 
31701 
121814 
195546 
195547 
31707 
195548 
195549 
195550 
195551 
195552 
195553 
195554 
31714 
195555 
195556 
195557 
195558 
31718 
195559 
195560 
195561 
195562 
195563 
195565 
195566 
31726 
195568 
121841 
195570 
195571 
195575 
195576 
31736 
195577 
195579 
195580 
195581 
195582 
195583 
31745 
195586 
195587 
195588 
195589 
195590 
31750 
195591 
195592 
195593 
195594 
195595 
195596 
121868 
31756 
195599 
195600 
195601 
195602 
195603 
31763 
195604 
195605 
195606 
195607 
195608 
195609 
31769 
195611 
195612 
121884 
195613 
195614 
195615 
195616 
195617 
31777 
195618 
195619 
195620 
195621 
31781 
195622 
195623 
195624 
195625 
195626 
195627 
195628 
195629 
195630 
195632 
39984 
31792 
195633 
195635 
195636 
121908 
195637 
31797 
195638 
195639 
195640 
31800 
195642 
39994 
195644 
195645 
121917 
31805 
195646 
195648 
195649 
31812 
40009 
31821 
121938 
31827 
40023 
31833 
121953 
31841 
40036 
31845 
121959 
121970 
31858 
40053 
31861 
121978 
40065 
31874 
121989 
121991 
31883 
40082 
31890 
122008 
31896 
122010 
31903 
40097 
31909 
122028 
31917 
122030 
40113 
31923 
31930 
31936 
122050 
40132 
31947 
122065 
31953 
40146 
31958 
122076 
236766 
31966 
236767 
236768 
236769 
40161 
236770 
236771 
236772 
236773 
40165 
236774 
236775 
122087 
236776 
236777 
236778 
236779 
236780 
236781 
236782 
236785 
236786 
236787 
31987 
236788 
40182 
122103 
32000 
32003 
236809 
236810 
236811 
236812 
236813 
236814 
236815 
32015 
236816 
32016 
236829 
236833 
32034 
236835 
236837 
236838 
236839 
236840 
236841 
236842 
236843 
236844 
236845 
236846 
236847 
32047 
236848 
236849 
32049 
236850 
32050 
236851 
236852 
32061 
32062 
73023 
32063 
204104 
204105 
73036 
32076 
204109 
32078 
204111 
32079 
204113 
204114 
204116 
204121 
73051 
32092 
204125 
32093 
204126 
32094 
204129 
204132 
204133 
73061 
204135 
204137 
204143 
204144 
32112 
204146 
73075 
204150 
32122 
32123 
204156 
204158 
122241 
204166 
32135 
32136 
32142 
122255 
32143 
204178 
204179 
261524 
32150 
32153 
32156 
32160 
204194 
122274 
32164 
204198 
32168 
204204 
32172 
32175 
122292 
32183 
32184 
32195 
122308 
32197 
32206 
32209 
122327 
32215 
32220 
32229 
122342 
32231 
40424 
32240 
32242 
40436 
122359 
32251 
32255 
40450 
122373 
32262 
32268 
32272 
40465 
122389 
32283 
40481 
122405 
32294 
122408 
32301 
40500 
40504 
122429 
122430 
73280 
40516 
32324 
73288 
122444 
32332 
122448 
40528 
73298 
32340 
122464 
73312 
40544 
32353 
122467 
32355 
73325 
32371 
32373 
32384 
253569 
253570 
253571 
253572 
253573 
253574 
253575 
253576 
32392 
32395 
32396 
32399 
32405 
32416 
32417 
32419 
32420 
32421 
32438 
32440 
32441 
32442 
32446 
32458 
32460 
32464 
32466 
32470 
32474 
32482 
32490 
32491 
32493 
32495 
122608 
32496 
122612 
32508 
122626 
32514 
122630 
32526 
32529 
122647 
32536 
122650 
32542 
32546 
32554 
122667 
122668 
32558 
32567 
32572 
122685 
122689 
32582 
32585 
32586 
32597 
32599 
32600 
32613 
32617 
32618 
32630 
32632 
32633 
32651 
32655 
32666 
32669 
32676 
32686 
32687 
32705 
32708 
32724 
32727 
122853 
32743 
32746 
73714 
32754 
122871 
40952 
32761 
73724 
32765 
)

// ************************************************************************* //
