/*--------------------------------*- C++ -*----------------------------------*\
  =========                 |
  \\      /  F ield         | OpenFOAM: The Open Source CFD Toolbox
   \\    /   O peration     | Website:  https://openfoam.org
    \\  /    A nd           | Version:  dev
     \\/     M anipulation  |
\*---------------------------------------------------------------------------*/
FoamFile
{
    version     2.0;
    format      binary;
    class       cellSet;
    location    "constant/polyMesh/sets";
    object      topsucclaviasx1;
}
// * * * * * * * * * * * * * * * * * * * * * * * * * * * * * * * * * * * * * //


2774
(
163840 
0 
155652 
163846 
163852 
155660 
163858 
155671 
163865 
155677 
163870 
114719 
155683 
163877 
155689 
163883 
163887 
155695 
114735 
155702 
163896 
163901 
155709 
163906 
155718 
163912 
114761 
155723 
163916 
155729 
106577 
163923 
155734 
163928 
155739 
114779 
163934 
106592 
97 
98 
163939 
155748 
163944 
114793 
155754 
106604 
163950 
155759 
163955 
155765 
163962 
155770 
114810 
106620 
163967 
155777 
163973 
155782 
155788 
114828 
106636 
155794 
155800 
114842 
106654 
155807 
155813 
155819 
114859 
106670 
155824 
155829 
155836 
114876 
106687 
155841 
155847 
106701 
155854 
114896 
114897 
155859 
114900 
114902 
155866 
114906 
114908 
106716 
155871 
114915 
227 
228 
155877 
114917 
229 
106727 
114920 
155881 
114923 
114926 
155887 
114929 
155893 
106742 
114938 
155899 
114940 
114942 
164095 
114945 
155906 
106755 
164101 
114949 
155911 
114951 
164106 
106764 
155918 
164112 
155924 
164118 
114966 
114969 
106777 
155930 
114970 
114972 
114974 
155936 
114976 
155944 
106792 
155948 
114993 
114994 
155955 
106804 
114997 
115000 
155961 
115002 
115007 
155968 
106817 
155974 
106826 
155981 
115027 
106838 
155992 
156003 
115045 
156014 
156021 
164214 
115063 
377 
378 
379 
380 
164221 
156030 
164224 
164230 
115082 
164235 
156044 
115088 
156049 
262546 
262550 
262551 
156055 
106903 
156061 
115106 
156068 
106919 
156075 
115119 
156080 
156087 
106937 
156094 
115135 
156100 
164297 
156106 
106957 
115150 
164303 
156112 
164307 
156119 
164312 
106972 
164318 
115166 
156130 
156135 
156140 
106991 
115184 
156145 
156151 
156157 
115197 
107007 
156163 
156170 
107019 
156175 
115216 
156181 
107032 
156186 
156192 
115233 
107044 
156198 
156204 
115248 
156210 
107058 
107062 
156216 
115259 
107069 
156222 
156230 
115273 
156235 
107083 
164433 
156242 
164437 
115287 
164442 
156250 
107098 
164445 
156256 
164451 
156263 
115305 
156270 
107118 
156276 
115320 
107131 
156284 
156289 
164483 
164489 
156297 
107146 
115341 
164494 
156303 
164499 
156310 
164504 
107162 
156316 
164509 
115358 
164514 
156322 
107174 
164519 
156329 
164525 
115374 
156336 
164531 
156342 
107194 
115387 
156348 
156354 
107207 
156361 
156366 
115406 
156372 
107221 
156378 
156385 
107238 
115431 
156393 
107245 
156399 
115441 
156405 
107254 
156410 
107261 
115454 
156419 
107272 
164619 
156427 
115468 
164624 
156433 
107282 
164628 
156439 
164632 
164635 
156445 
115485 
107295 
156454 
107308 
156462 
115504 
115507 
156470 
107319 
156481 
115521 
107333 
115526 
156494 
115539 
107347 
115543 
156506 
107361 
156518 
115558 
115562 
156523 
107377 
156531 
156536 
107389 
156544 
156551 
107401 
107404 
156560 
156567 
107417 
156573 
156579 
164774 
115624 
164778 
156586 
164783 
156592 
164787 
156598 
164792 
115643 
156605 
156612 
156619 
115660 
156626 
164822 
156632 
164828 
115677 
156639 
164833 
164837 
156646 
164841 
156652 
164845 
115694 
164850 
156659 
164855 
164859 
156668 
107519 
164865 
115713 
156674 
164870 
156680 
164873 
164878 
156688 
164882 
115731 
107539 
164888 
156697 
156704 
115746 
156710 
107558 
156716 
115762 
107573 
115769 
107578 
156731 
156738 
156744 
115787 
107596 
164942 
156750 
164947 
156755 
164952 
156761 
164956 
115804 
156768 
107616 
164961 
156774 
164968 
156780 
164973 
156784 
115824 
107632 
164977 
164982 
156790 
164987 
156796 
115837 
164992 
107649 
156802 
164997 
156808 
165002 
156812 
165006 
115854 
156818 
165011 
107668 
156824 
156830 
115872 
115875 
107685 
156838 
115879 
115882 
115886 
156847 
115890 
107698 
156858 
115903 
255171 
156867 
255172 
115908 
107716 
255173 
255174 
255175 
115911 
255176 
255177 
115913 
255178 
165066 
255179 
255180 
255181 
156877 
115917 
255182 
165070 
255183 
115919 
255184 
107728 
255186 
165075 
156883 
165080 
255193 
255194 
255195 
115931 
255196 
255197 
165085 
156893 
255198 
115934 
107742 
255199 
255200 
156896 
255202 
156900 
107750 
255207 
255208 
255209 
156905 
115945 
255210 
255211 
255212 
255213 
107757 
255214 
115950 
255215 
115951 
255216 
115952 
255217 
156913 
255218 
255219 
255220 
255221 
255222 
255223 
156919 
255224 
255225 
255226 
255227 
165116 
156925 
107773 
115967 
115969 
165122 
156930 
115972 
255237 
255238 
255239 
115975 
165128 
156936 
255241 
115977 
255242 
255243 
115979 
255244 
255245 
156941 
107789 
255246 
165134 
156947 
165141 
156953 
115993 
107801 
156956 
115996 
165149 
115998 
116000 
116001 
156962 
165155 
116004 
107814 
156968 
165161 
156974 
165167 
1327 
1328 
1329 
1330 
1331 
165172 
156980 
1332 
1333 
1334 
1335 
116024 
1336 
107833 
156986 
156990 
156996 
116040 
107848 
157002 
157008 
157012 
107860 
157017 
116057 
165213 
157022 
157027 
165220 
107876 
157033 
165226 
116074 
157038 
165232 
157043 
107891 
165239 
157049 
116092 
157054 
107904 
157060 
157065 
157067 
116107 
157073 
157077 
157084 
107932 
116126 
157090 
157095 
107946 
157099 
157105 
116146 
157112 
107960 
157117 
157122 
116162 
157128 
157134 
116179 
157141 
157146 
157152 
157157 
116199 
157162 
165356 
108015 
157168 
165362 
157174 
165367 
116215 
157179 
108027 
165372 
157185 
165379 
116227 
108040 
157196 
116242 
108054 
157207 
157212 
108063 
116259 
157222 
157232 
116276 
116283 
157244 
157251 
116296 
157257 
116299 
157262 
157267 
116312 
157273 
116316 
157279 
157285 
157291 
116331 
116336 
108144 
157297 
157302 
157309 
108157 
116351 
116355 
157316 
157322 
108170 
157329 
157334 
108184 
116377 
157340 
157346 
165539 
116390 
108198 
157352 
165545 
157357 
165551 
157363 
116404 
165558 
108215 
157369 
165564 
157374 
108226 
157380 
116420 
157386 
157391 
108239 
116435 
157398 
108252 
157407 
157411 
108262 
157420 
116468 
157430 
116474 
157440 
157445 
116486 
116489 
157454 
157460 
157464 
116504 
116507 
157470 
108318 
157476 
108329 
157482 
116525 
116527 
157488 
157493 
108341 
157499 
157504 
116545 
116548 
108356 
157510 
157516 
157521 
108371 
157527 
116571 
157532 
108383 
157536 
157542 
116586 
157548 
108396 
157554 
157561 
108413 
157566 
116607 
157571 
165766 
157580 
116621 
165776 
157585 
108438 
165783 
157591 
1944 
116633 
1945 
1946 
1947 
157596 
165789 
157602 
165796 
108455 
157610 
157616 
116658 
157621 
108472 
157625 
157630 
157637 
116678 
108486 
157643 
157649 
108498 
157654 
116694 
157660 
108512 
157666 
157671 
116713 
108524 
157677 
157681 
157687 
116730 
108539 
157693 
157698 
157704 
165897 
157709 
116749 
165902 
108558 
116753 
165908 
157720 
165914 
165920 
116768 
108576 
157729 
116772 
157735 
157746 
116788 
116794 
108603 
157756 
116802 
157765 
116806 
157772 
108624 
157777 
157783 
116824 
116827 
157789 
157792 
165989 
108647 
165995 
116844 
166002 
116855 
166008 
108666 
166015 
157827 
116871 
166024 
157833 
166030 
108686 
157839 
116883 
166036 
157845 
166041 
108697 
157850 
166047 
157857 
116897 
157861 
108714 
157867 
157873 
116917 
157879 
108732 
157885 
157890 
116932 
166087 
157895 
108745 
166092 
157901 
166099 
157907 
116948 
108758 
166105 
157913 
157919 
157920 
166116 
157925 
157930 
2284 
108781 
2285 
2287 
2288 
157937 
2290 
2291 
116981 
157943 
2295 
2297 
108795 
157953 
157958 
116998 
108812 
157967 
108816 
108818 
2324 
2326 
117016 
157978 
117019 
108831 
108833 
157986 
117026 
108836 
2340 
2341 
2344 
157993 
117038 
108848 
117042 
2354 
158003 
2355 
108852 
108854 
2358 
117047 
158009 
158013 
158019 
117060 
108868 
117063 
108871 
158025 
117065 
108874 
158029 
158034 
158041 
117081 
108889 
108890 
117084 
117085 
108893 
158047 
158053 
158058 
158062 
117102 
117106 
108914 
117107 
166273 
108930 
166279 
117127 
108939 
166287 
166295 
108953 
166301 
117156 
108968 
158128 
158133 
117175 
158139 
108987 
158144 
117188 
158149 
109007 
117205 
109025 
117223 
158185 
117225 
158191 
117231 
109039 
158196 
158201 
117245 
158207 
117248 
109057 
117254 
158216 
117266 
109074 
158227 
117273 
158234 
117276 
109089 
158242 
166436 
166442 
117290 
158252 
117292 
117296 
166449 
109108 
158262 
117302 
166457 
117306 
109115 
158268 
117309 
166462 
158273 
109123 
158279 
117320 
117324 
158288 
117332 
117334 
109148 
117350 
117351 
109162 
117369 
109178 
117371 
158333 
158340 
117385 
109193 
158347 
117390 
158354 
158360 
109209 
117409 
158371 
158382 
117422 
109231 
158391 
109243 
117436 
166590 
166595 
158403 
166601 
158412 
109261 
166608 
117457 
166614 
158424 
109274 
158429 
158433 
158441 
158447 
109302 
158455 
158461 
158468 
109318 
117514 
264971 
264972 
158476 
158482 
109331 
117532 
109343 
109354 
117547 
109368 
117562 
158526 
158532 
109381 
117578 
158539 
109387 
109390 
158545 
158550 
109400 
109403 
109405 
158559 
117600 
158565 
109416 
109418 
158572 
117612 
109422 
158579 
109434 
117629 
109437 
109440 
158594 
158602 
158608 
158614 
117655 
158621 
158630 
109478 
109480 
109482 
158637 
158643 
158649 
117689 
109499 
109502 
158655 
117696 
117706 
109514 
117709 
109517 
109529 
117723 
109531 
117727 
109542 
109546 
117742 
117744 
109557 
109560 
117762 
117765 
158730 
158735 
158741 
117784 
158748 
117788 
158754 
117794 
117796 
158764 
117809 
158770 
158773 
117813 
158780 
117824 
158786 
117827 
158794 
117839 
158801 
117843 
109653 
158807 
117847 
117848 
158816 
109667 
158823 
117864 
117865 
117868 
117869 
109682 
117882 
117884 
109696 
117890 
117892 
109711 
158867 
158874 
117917 
158881 
117922 
158887 
158894 
117936 
117943 
117955 
117959 
109780 
158934 
109782 
117977 
109785 
158940 
117981 
158944 
158950 
117994 
158956 
117996 
118008 
109816 
109817 
118010 
109819 
158972 
232701 
158978 
232708 
232709 
232710 
232711 
232713 
158985 
232714 
109834 
232715 
118029 
109837 
232718 
232719 
158991 
232720 
118032 
109840 
232721 
232722 
232723 
232724 
232725 
232726 
232727 
232728 
232729 
232730 
232731 
232732 
109853 
109857 
118050 
118051 
109859 
232743 
232744 
232745 
232748 
109871 
109873 
109875 
118068 
232759 
118071 
109890 
109893 
118089 
118094 
109907 
109911 
118104 
159067 
118108 
159072 
109926 
159080 
109928 
118123 
159086 
118126 
159093 
109943 
109946 
159100 
118142 
159105 
118145 
159111 
159115 
109964 
109967 
159121 
159129 
109982 
159136 
159142 
109993 
159149 
159155 
118199 
159161 
110009 
118204 
159167 
159174 
110026 
118220 
159183 
118223 
159190 
110041 
159197 
118239 
118242 
159204 
159212 
110062 
159218 
118259 
118262 
159224 
110075 
110088 
110102 
159265 
110118 
159272 
159278 
159283 
159285 
159292 
159299 
159305 
159312 
159320 
110209 
159373 
110221 
159380 
110235 
159389 
159396 
110247 
159404 
159411 
110263 
159418 
159427 
159433 
110282 
110301 
110312 
110323 
159481 
159487 
159493 
110342 
159499 
159506 
200473 
159513 
159520 
200481 
200482 
200484 
200486 
200487 
159527 
200488 
200489 
200491 
159533 
200494 
200495 
200496 
200497 
200499 
200500 
159540 
200501 
200502 
200503 
200504 
200505 
200506 
200508 
200509 
200510 
200511 
200512 
200513 
200515 
200517 
200518 
200520 
200521 
200522 
200523 
200524 
200525 
200526 
200527 
200528 
200529 
200530 
200531 
200532 
200533 
200534 
110422 
200536 
110425 
200538 
200539 
200540 
110428 
200541 
110430 
200543 
200544 
110433 
200546 
110434 
200547 
200548 
200549 
200550 
200551 
200552 
200553 
200554 
200555 
200556 
200557 
200558 
200559 
110447 
200560 
110449 
200563 
110451 
200565 
200566 
200567 
110455 
200568 
200569 
200570 
110458 
200571 
200572 
110460 
200573 
200574 
159614 
200575 
200576 
200577 
200578 
200579 
200580 
200581 
159621 
200582 
200583 
200584 
110472 
200585 
200586 
159626 
200587 
200588 
200589 
110477 
200590 
159630 
200591 
110479 
200592 
200593 
110481 
200594 
200595 
159635 
110483 
200596 
200597 
110485 
200598 
200599 
200600 
200601 
110489 
200602 
200603 
200604 
110492 
200605 
200606 
110494 
200607 
110495 
200608 
200609 
110497 
200610 
200611 
110499 
200612 
200613 
200614 
200617 
200618 
200619 
200620 
200621 
200622 
110510 
200623 
200624 
110512 
200625 
200626 
110514 
200627 
200628 
200629 
200630 
110518 
200631 
200632 
110520 
200633 
200634 
110522 
200635 
200636 
159677 
200639 
200640 
200641 
200642 
200643 
159683 
200644 
200645 
200646 
200647 
200648 
200649 
200650 
200651 
159691 
110539 
200652 
200653 
200654 
200655 
110543 
200656 
200657 
159697 
200658 
200659 
200660 
200662 
200663 
200664 
200665 
159705 
200666 
200667 
200668 
110556 
200669 
200670 
200671 
110559 
200672 
159712 
200673 
200674 
200675 
200676 
200677 
200678 
200679 
159719 
200680 
200681 
200682 
200683 
200684 
200685 
159725 
110573 
200686 
200687 
110576 
200689 
200691 
159731 
200692 
200694 
159737 
110591 
110593 
110608 
110610 
159781 
110631 
159788 
159795 
110643 
159800 
110648 
159806 
110654 
110663 
110682 
159847 
110700 
159853 
159860 
110712 
159868 
159874 
110729 
110746 
110764 
110781 
110796 
159949 
159955 
110808 
159961 
159967 
159972 
110822 
159981 
110834 
159988 
159994 
110847 
160002 
160010 
110860 
110878 
110893 
160050 
160059 
160068 
160076 
160084 
160093 
160099 
160108 
160114 
160121 
250268 
250269 
250270 
250271 
250272 
250273 
250275 
250276 
250277 
250278 
160166 
250279 
250280 
250281 
250282 
250283 
160171 
250284 
250285 
250286 
250287 
250288 
250289 
250290 
250291 
250292 
160180 
250293 
250295 
250297 
250298 
160187 
250300 
250301 
250302 
250305 
160193 
250306 
250307 
250308 
250309 
250310 
250311 
250312 
250313 
250314 
250315 
250316 
250317 
250318 
250319 
250320 
250321 
250322 
250323 
250324 
250325 
250326 
250327 
250328 
250329 
111067 
250340 
160228 
250344 
111081 
250346 
160234 
250347 
250348 
250349 
250351 
160240 
250354 
160246 
111097 
160251 
160257 
160263 
111115 
160268 
160273 
160279 
111129 
160368 
111219 
160374 
111223 
111224 
111226 
160379 
160385 
111233 
111236 
160391 
111246 
111251 
111252 
111256 
111259 
111262 
160424 
111273 
160429 
111277 
111279 
160435 
111283 
111286 
111288 
160441 
160446 
111301 
111303 
111304 
111308 
111311 
111312 
111323 
111325 
111331 
111334 
111335 
111337 
111344 
111348 
111358 
160512 
111361 
160517 
160522 
160527 
111375 
160532 
111380 
160540 
160545 
111398 
160551 
111400 
160556 
160561 
111417 
111420 
111435 
160595 
160601 
160607 
160612 
111461 
160618 
111477 
111496 
111501 
111519 
111523 
111536 
160691 
111541 
160698 
160704 
160709 
111559 
111561 
160716 
111577 
111580 
111590 
111592 
160760 
111611 
160766 
160771 
160777 
160782 
111630 
160790 
160797 
111651 
160804 
160810 
160817 
111668 
111677 
111694 
111714 
111730 
160893 
160898 
111749 
160906 
160913 
111764 
160919 
111785 
111801 
111819 
111834 
111841 
160998 
161004 
111855 
161010 
111864 
161017 
161023 
111876 
111887 
111900 
161092 
259402 
161098 
259403 
259404 
259405 
259406 
161103 
111951 
259408 
259409 
259410 
259413 
161109 
259414 
259415 
259417 
259418 
259419 
161115 
259420 
259421 
259422 
259423 
161120 
111969 
259426 
259429 
259430 
161126 
259433 
161131 
161134 
111989 
112006 
161165 
161171 
161177 
161182 
161188 
112042 
112064 
112080 
112097 
161251 
161258 
112106 
161264 
161269 
161275 
112124 
161281 
161288 
161295 
112144 
112146 
161301 
112150 
161306 
112154 
112157 
112159 
161313 
161318 
161324 
112172 
112176 
112177 
161330 
161338 
112186 
112187 
112188 
112206 
112209 
112212 
112213 
112214 
112215 
112233 
112234 
112235 
112237 
112239 
112242 
161399 
161404 
112256 
161410 
112259 
112262 
161416 
112266 
161422 
112270 
112273 
161426 
161431 
161437 
161443 
112291 
161449 
112306 
112318 
161484 
112333 
161490 
161495 
112347 
161500 
161506 
112374 
112377 
161542 
161545 
112394 
112396 
161551 
161557 
161560 
112414 
161567 
112416 
161573 
161579 
161582 
112434 
161588 
112436 
161595 
161601 
112452 
161607 
112455 
161613 
161617 
161624 
112477 
161630 
161635 
161641 
112492 
161646 
112506 
112521 
112530 
112547 
161710 
161716 
112566 
161722 
161728 
161734 
112586 
161740 
161745 
161750 
161755 
112605 
161760 
161767 
161772 
112624 
161778 
161784 
161797 
112645 
161803 
161807 
112657 
161812 
161817 
161823 
112674 
161829 
161834 
161840 
112692 
112697 
161855 
161860 
161866 
112717 
161872 
161878 
112731 
112751 
112769 
112786 
161944 
161950 
161956 
112806 
161962 
161968 
161974 
112822 
161980 
161985 
161991 
112839 
161996 
112851 
112874 
112893 
112916 
112938 
112961 
162120 
162126 
162132 
162137 
112988 
162141 
113011 
113029 
113037 
113064 
113083 
244156 
244157 
244158 
244159 
244160 
244161 
244162 
244163 
162243 
244164 
244165 
244166 
244167 
244169 
162249 
244170 
244171 
244174 
244175 
162255 
244176 
244178 
244179 
244181 
162261 
113109 
244182 
244183 
244184 
244185 
162265 
113113 
244190 
113118 
244192 
244193 
244194 
113122 
244195 
244196 
113124 
244197 
244199 
113127 
244200 
244202 
244210 
244211 
244212 
244213 
244214 
244215 
244216 
244217 
244218 
162298 
244219 
244220 
113148 
244221 
244222 
244223 
113151 
244224 
244225 
162305 
113153 
244226 
244227 
244228 
113156 
244229 
244230 
244231 
113159 
244232 
162312 
244233 
244234 
113162 
162319 
162325 
113182 
113186 
244259 
244261 
113189 
244262 
244263 
244264 
244265 
244266 
113194 
244268 
244269 
113197 
113200 
244276 
113207 
113211 
113215 
113217 
113220 
113223 
113235 
162389 
113239 
113241 
162395 
113246 
162400 
113251 
113252 
162405 
162411 
162417 
162423 
113271 
162429 
162436 
162440 
113292 
113313 
162468 
113335 
162505 
113357 
162510 
162516 
162522 
162527 
162532 
162536 
162542 
162548 
113399 
162553 
162559 
162564 
162570 
113420 
162576 
162581 
162587 
113436 
162593 
162598 
162603 
113452 
162609 
162615 
162620 
113469 
162626 
162631 
162637 
113487 
162643 
162649 
162653 
162659 
113507 
162665 
113525 
113542 
113565 
113570 
162732 
162738 
113587 
113588 
162744 
162749 
162754 
113604 
162759 
113607 
162764 
162770 
113621 
162776 
113625 
162781 
162786 
162792 
162798 
162804 
162809 
113667 
113688 
162845 
162851 
162857 
113707 
162863 
162873 
113750 
162910 
162916 
162921 
113770 
162927 
162932 
236664 
236665 
236666 
236667 
236668 
236669 
236670 
105598 
236671 
113793 
236675 
236677 
236678 
236679 
236680 
236681 
236682 
105610 
236683 
236684 
236685 
236686 
236687 
236688 
236689 
113810 
236691 
236692 
236693 
236694 
236695 
162967 
236696 
236697 
236698 
105626 
236699 
162974 
113822 
236705 
236707 
236708 
162980 
236709 
236710 
162986 
236718 
162992 
113840 
105650 
236724 
236725 
236726 
236727 
236728 
236729 
236730 
236731 
236732 
236734 
236735 
236736 
113856 
236737 
236738 
236739 
105667 
236740 
236741 
236742 
236743 
236744 
236745 
236746 
236747 
236748 
236749 
236750 
236751 
236752 
236753 
236754 
163026 
236755 
236756 
236757 
113877 
236758 
236759 
236760 
163032 
236761 
236762 
236763 
236764 
236765 
163037 
163040 
163046 
163053 
163057 
163063 
163068 
236799 
236800 
113920 
236801 
236802 
163074 
236803 
236804 
236806 
236808 
236817 
236818 
236819 
113939 
236820 
236821 
113952 
113965 
113987 
114004 
163170 
163173 
114023 
105833 
163179 
163185 
163189 
114038 
105848 
114054 
105864 
114061 
114063 
114065 
105874 
114068 
114070 
114071 
114078 
105886 
114079 
114082 
114086 
114089 
114091 
114105 
114107 
114112 
114113 
114117 
114120 
114134 
105943 
114137 
114140 
228832 
228833 
114145 
228834 
228835 
228836 
105956 
228837 
114149 
228838 
228839 
114151 
228840 
228841 
228842 
228843 
228844 
228845 
228846 
228847 
228848 
228849 
228850 
228851 
228852 
228853 
114165 
228854 
105974 
228855 
228856 
114168 
228857 
114169 
228858 
228859 
228860 
114172 
228861 
228862 
114174 
228863 
114175 
228864 
228865 
228866 
228867 
228868 
228869 
228870 
228871 
228872 
228873 
228874 
105994 
228875 
228876 
228877 
163341 
228878 
228879 
228880 
228881 
228882 
106002 
228883 
163347 
114195 
228884 
228885 
228886 
228887 
228888 
228889 
163353 
228890 
228892 
228893 
228894 
228895 
163359 
228896 
228897 
114209 
228898 
163363 
228900 
228901 
228902 
228903 
228904 
228905 
228906 
228907 
106027 
228910 
114222 
228912 
228913 
228914 
228916 
228917 
228918 
228919 
228921 
114234 
228923 
228924 
106044 
228927 
228928 
228929 
228933 
114245 
228934 
228937 
228938 
228939 
106059 
228940 
163404 
228941 
228943 
228944 
228946 
163410 
228947 
228949 
114261 
228950 
163415 
228953 
106074 
228955 
228956 
163421 
228958 
228960 
163426 
228963 
228964 
228966 
106086 
228967 
114279 
228969 
228971 
228972 
228976 
228978 
228980 
228981 
228982 
114295 
228984 
106104 
228987 
228989 
228990 
228993 
228996 
163460 
114309 
106117 
228998 
228999 
229000 
229002 
163466 
229005 
229006 
229007 
163471 
229010 
229011 
114323 
163476 
229013 
106133 
229015 
229016 
229017 
229018 
163482 
229021 
229022 
229024 
229026 
106146 
229029 
229030 
114344 
229035 
229039 
229041 
229043 
229044 
106164 
229045 
229046 
229048 
229049 
114361 
229050 
229051 
229052 
229053 
229056 
229057 
229058 
229060 
229062 
114375 
106183 
229064 
229066 
229067 
229071 
229077 
106197 
229079 
114392 
229081 
229085 
229086 
229087 
229088 
229089 
229093 
229094 
229095 
229096 
229097 
229098 
229103 
106225 
163570 
229107 
114421 
229110 
163576 
229115 
229117 
229118 
163582 
229122 
163588 
106245 
229128 
229129 
229130 
163594 
229131 
114443 
229132 
229135 
229136 
229137 
163601 
229140 
229142 
106262 
229143 
163607 
229145 
114458 
163611 
229149 
163616 
229155 
163622 
229162 
114476 
229166 
229169 
229170 
229172 
229177 
229182 
114495 
229186 
163657 
163663 
114513 
163668 
163673 
163679 
163688 
114536 
163692 
163697 
106362 
114555 
163711 
163718 
106376 
106379 
114572 
106392 
114586 
106406 
114619 
114623 
114639 
114642 
114658 
114661 
163816 
163821 
163827 
114677 
114679 
163834 
155644 
)

// ************************************************************************* //
