/*--------------------------------*- C++ -*----------------------------------*\
  =========                 |
  \\      /  F ield         | OpenFOAM: The Open Source CFD Toolbox
   \\    /   O peration     | Website:  https://openfoam.org
    \\  /    A nd           | Version:  dev
     \\/     M anipulation  |
\*---------------------------------------------------------------------------*/
FoamFile
{
    version     2.0;
    format      binary;
    class       cellSet;
    location    "constant/polyMesh/sets";
    object      topsucclaviadx3;
}
// * * * * * * * * * * * * * * * * * * * * * * * * * * * * * * * * * * * * * //


2011
(
20480 
8192 
69633 
65540 
139272 
139276 
8204 
65550 
258063 
69647 
4111 
258064 
258065 
24594 
20500 
139286 
233497 
139290 
8218 
69659 
4124 
12320 
65569 
24609 
20514 
135203 
139301 
135206 
139303 
241704 
241705 
69673 
241706 
241707 
241708 
4140 
44 
241709 
241710 
24622 
12334 
241711 
241712 
135216 
241713 
241714 
241715 
143411 
241716 
135220 
241717 
241718 
241719 
241720 
241721 
241722 
135226 
241723 
139323 
241724 
241725 
49213 
241726 
139326 
135230 
20543 
49219 
241734 
135239 
4167 
241736 
241737 
241738 
241739 
135243 
241740 
241741 
241743 
12367 
241744 
139344 
241745 
49233 
241746 
20562 
241747 
241748 
139348 
241749 
24662 
4182 
135256 
135260 
49247 
12385 
20578 
24678 
139370 
135276 
135278 
139375 
49263 
12400 
135293 
135295 
139395 
139398 
134 
135307 
135310 
139416 
135322 
139419 
135324 
135336 
139435 
135340 
139438 
139454 
16575 
139456 
16590 
61647 
139476 
24789 
209113 
16603 
61660 
209119 
16612 
209127 
139495 
61672 
24812 
139507 
45302 
209143 
24823 
61688 
209149 
209150 
139518 
24837 
61702 
45321 
209170 
24851 
209173 
278 
209175 
279 
139544 
69914 
45338 
139555 
209189 
209191 
69928 
209193 
45353 
139566 
135470 
209204 
69941 
209209 
139577 
209210 
135484 
45373 
139588 
69956 
135496 
209227 
139599 
69968 
209233 
139604 
135508 
209237 
209238 
20825 
209245 
139614 
135519 
139616 
20837 
139626 
139628 
209261 
135535 
135536 
20849 
135539 
209271 
139639 
209274 
139642 
209277 
20862 
135551 
135552 
135553 
209284 
209289 
20875 
209294 
139662 
209299 
135571 
139669 
135574 
135578 
209310 
209312 
139682 
102820 
209317 
135589 
135591 
135595 
102827 
139693 
209331 
209333 
45493 
135607 
139704 
209339 
135611 
135612 
209345 
139716 
16841 
209354 
45514 
135629 
209358 
135631 
209360 
209361 
139729 
209365 
20950 
139738 
16858 
209371 
135644 
45534 
135647 
209380 
20964 
139752 
16872 
135659 
45549 
135662 
209392 
20977 
16882 
209395 
209396 
209397 
139765 
209401 
135675 
135677 
57853 
209406 
45568 
16896 
209410 
20994 
139780 
209416 
135688 
209418 
135691 
139790 
209424 
57872 
21009 
139801 
135705 
209434 
57885 
209439 
139814 
135718 
209450 
209452 
57902 
135730 
209462 
135734 
139836 
209477 
139846 
209479 
135751 
209480 
209483 
57936 
209490 
139858 
209496 
135770 
139871 
209511 
135784 
209514 
139882 
209522 
29299 
209525 
135797 
139895 
209535 
139907 
29317 
209545 
135817 
49803 
139919 
29328 
234136 
209562 
49818 
209563 
139932 
135836 
209567 
29343 
21154 
209574 
139944 
135849 
49833 
209579 
209580 
135852 
21166 
209583 
33460 
139958 
135863 
209592 
49848 
139961 
135866 
209596 
21183 
209601 
209602 
33475 
139973 
49862 
139975 
135879 
135880 
37578 
21197 
209614 
99025 
33489 
139987 
135893 
49877 
139990 
135895 
103129 
37593 
209626 
209631 
139999 
33503 
21215 
49889 
209636 
140004 
33509 
49896 
140013 
135917 
49903 
140016 
209649 
37617 
33522 
135923 
209653 
209655 
33531 
29435 
49917 
140031 
140033 
135937 
37633 
234243 
33539 
135941 
209671 
135943 
62216 
209673 
234251 
140043 
29451 
234252 
234253 
209677 
140045 
234254 
209678 
37646 
33551 
234256 
135953 
17169 
135957 
62229 
135959 
140056 
209689 
140058 
29466 
33566 
17184 
62241 
209698 
135971 
140069 
140070 
135975 
135977 
29481 
209709 
62253 
209711 
135989 
29493 
17205 
135994 
62267 
135998 
140095 
209735 
17224 
140106 
136010 
209741 
136014 
136015 
4943 
209744 
234322 
140117 
17239 
50008 
209756 
136028 
4958 
136031 
136034 
209764 
140132 
54116 
209765 
50021 
209767 
136045 
4974 
136047 
140144 
136049 
50033 
209782 
54135 
234362 
234363 
234364 
234365 
136061 
234366 
168830 
4990 
234367 
140159 
234368 
136064 
50048 
13184 
234369 
234370 
136066 
234371 
234372 
234375 
234377 
234378 
140170 
234379 
234381 
13197 
140174 
234383 
234384 
209808 
50064 
234385 
54161 
234386 
140178 
5016 
209819 
13211 
136092 
140190 
209823 
927 
136096 
928 
929 
930 
54179 
136100 
17316 
209833 
13226 
140203 
136110 
136114 
17330 
136115 
140212 
209845 
209846 
54200 
13240 
209851 
140223 
17348 
209862 
136134 
136135 
140235 
17365 
140247 
136152 
209881 
136153 
140250 
140260 
17381 
136170 
136171 
209901 
140269 
209908 
17398 
140279 
136185 
209916 
136189 
21502 
209920 
140289 
29697 
17410 
136201 
209930 
136204 
209933 
25614 
140303 
21519 
29713 
17426 
209940 
33815 
136220 
136221 
25629 
140318 
21534 
140319 
136225 
33825 
17443 
209956 
136228 
29732 
136232 
13353 
136234 
123947 
1067 
1068 
140333 
74797 
25645 
1069 
140334 
21550 
1070 
1071 
1072 
1073 
33842 
29746 
17458 
1074 
1075 
136244 
1077 
1078 
33849 
136251 
209980 
140349 
136253 
42045 
136254 
140351 
136255 
25664 
136257 
74818 
33858 
209988 
13380 
42056 
136267 
209996 
21580 
140365 
136270 
74830 
140367 
136271 
25679 
29777 
136274 
136277 
136280 
210010 
140378 
74842 
42074 
13402 
140381 
210014 
136288 
136292 
136295 
74855 
234600 
136297 
140395 
62572 
13420 
136301 
136302 
42094 
140401 
62583 
140411 
136315 
136316 
136317 
42109 
140414 
136318 
136319 
13439 
136322 
62596 
140424 
140427 
136336 
136338 
62610 
140440 
140442 
136350 
62623 
9375 
136352 
136362 
136367 
140466 
9395 
140469 
136378 
136380 
140479 
140482 
9411 
136393 
140491 
136395 
140493 
54479 
9425 
234707 
136408 
140505 
5337 
140507 
42205 
9439 
42211 
140520 
136424 
140521 
54511 
42224 
136437 
140534 
140537 
54527 
42240 
136449 
140547 
140549 
5382 
140557 
136461 
42254 
140559 
54545 
140569 
5401 
136474 
140571 
136476 
54563 
140580 
5412 
140583 
136487 
9511 
9512 
136490 
140594 
5426 
136501 
140598 
9526 
136504 
9528 
140607 
140608 
5444 
17733 
9541 
136518 
136519 
140616 
9544 
132427 
140620 
5458 
140627 
140629 
136533 
9557 
17750 
136536 
132440 
9560 
140640 
5472 
140643 
17765 
9574 
136551 
132456 
136554 
136556 
5485 
136559 
140656 
136560 
140658 
136562 
17781 
234871 
132472 
140665 
5498 
140667 
136575 
136578 
136579 
136580 
132484 
136582 
136583 
17799 
140680 
140684 
136590 
132494 
132496 
140691 
136595 
140692 
136597 
132502 
136599 
136600 
132504 
136601 
132513 
140706 
132514 
136611 
140708 
136613 
136614 
136615 
136616 
136619 
132528 
132530 
136629 
136632 
13752 
136635 
136636 
132540 
132542 
136639 
136642 
234947 
21959 
13769 
136655 
136656 
21974 
13783 
136667 
136668 
13796 
21989 
136679 
136681 
136689 
13810 
22003 
136693 
136701 
136704 
22019 
136719 
42517 
132630 
132632 
136729 
99867 
42528 
132644 
132646 
136743 
42538 
132659 
132661 
132666 
136766 
132671 
34373 
136779 
132683 
34388 
136794 
136795 
132700 
136797 
132702 
136800 
136803 
136806 
34407 
30313 
132716 
132719 
136819 
136822 
34423 
30328 
136825 
22137 
42618 
132733 
136830 
132735 
136833 
136835 
38532 
30343 
34440 
22152 
42634 
132749 
136847 
132752 
136849 
38547 
136852 
30358 
136855 
22167 
136857 
136859 
132764 
132767 
38561 
42658 
30371 
22182 
136873 
136874 
136876 
136877 
42669 
136878 
38574 
136881 
22199 
42682 
136893 
38589 
136896 
136898 
136899 
136903 
42695 
136906 
136917 
136918 
42713 
136934 
136935 
120557 
136947 
136948 
136958 
108287 
136960 
132871 
136970 
132874 
132875 
136972 
67342 
132880 
136985 
67357 
18206 
132896 
132899 
136996 
132900 
132902 
124713 
67372 
137008 
132913 
18225 
132915 
132916 
132917 
67384 
137019 
132930 
18243 
132932 
132933 
137031 
132935 
67399 
10058 
132946 
137043 
137045 
18262 
132951 
30552 
10072 
137049 
137051 
137052 
137053 
30561 
18278 
137064 
30568 
10088 
137066 
137067 
132972 
30575 
137072 
10099 
137076 
30582 
137079 
10110 
63360 
137089 
137091 
137093 
137096 
137098 
137101 
137107 
63381 
137110 
137112 
137115 
137117 
137118 
202655 
202658 
63397 
202663 
202664 
202667 
202668 
137133 
202670 
137134 
137135 
202672 
137137 
202674 
137138 
63410 
202676 
137140 
202677 
202678 
202679 
202680 
202681 
202683 
202684 
202685 
202688 
137152 
202689 
137153 
63425 
137154 
202691 
137155 
202692 
202693 
202694 
137158 
202695 
202696 
51144 
202697 
202698 
202699 
202700 
235469 
202701 
202702 
202703 
100303 
202704 
202705 
202706 
2002 
202707 
137171 
2003 
202708 
137172 
202709 
202710 
137174 
51158 
202711 
202712 
137176 
2008 
202713 
137177 
2009 
202714 
202715 
202716 
202717 
202718 
2014 
202719 
2015 
202720 
2016 
202721 
2017 
202722 
137186 
202723 
202724 
51172 
2020 
231397 
202725 
137189 
202726 
202727 
202728 
2024 
202729 
137193 
2025 
202730 
202731 
137195 
202732 
2028 
202733 
2029 
202734 
2030 
202735 
137199 
202736 
202737 
51185 
202738 
202739 
34803 
202740 
202741 
202742 
202743 
202744 
202745 
137209 
202746 
137210 
202747 
202748 
202749 
137213 
202750 
137214 
51198 
202751 
202752 
202753 
137217 
38913 
202754 
202755 
202756 
202757 
34821 
202758 
202759 
202760 
202761 
202762 
137226 
202763 
137227 
202764 
202765 
202766 
137230 
38926 
202767 
137231 
202770 
202771 
137235 
202772 
202773 
202774 
202775 
202776 
202777 
202779 
38939 
202780 
202782 
202783 
34847 
202784 
2080 
202785 
2081 
137250 
202787 
2084 
202789 
202790 
202792 
133160 
55336 
38952 
202793 
202794 
10283 
202796 
137260 
202797 
202798 
202799 
202800 
202802 
202803 
34867 
202804 
202805 
55349 
38966 
137273 
10298 
34875 
133180 
55359 
137283 
10309 
22600 
133194 
55372 
34892 
137294 
10323 
22613 
133207 
55384 
137305 
137307 
137310 
137311 
137313 
10337 
137315 
22628 
133222 
34919 
137324 
137325 
137327 
137330 
137332 
22645 
137334 
133239 
63609 
34940 
137343 
137345 
133251 
22660 
137349 
63621 
137352 
137354 
137355 
34960 
63634 
137364 
133268 
137365 
137367 
137369 
137370 
137372 
63645 
34978 
133283 
137381 
137383 
137384 
63659 
137388 
137389 
137391 
133295 
26800 
59575 
137404 
137405 
26815 
137416 
59592 
137418 
26830 
137427 
59603 
137429 
26844 
137439 
137440 
59618 
26851 
137453 
59630 
137455 
10483 
231672 
137466 
137467 
10494 
231683 
137476 
137479 
10505 
137486 
137490 
10518 
137499 
137502 
10531 
137512 
137514 
137525 
26935 
137529 
137538 
35138 
137540 
26949 
137554 
26962 
35155 
137556 
67926 
137567 
26976 
67937 
137570 
35172 
67948 
26990 
137583 
137584 
35189 
248183 
67959 
248184 
248186 
248187 
248188 
248189 
248190 
248191 
248192 
133505 
104834 
39298 
27010 
133507 
133508 
67972 
35206 
133516 
133518 
133523 
27027 
108949 
137626 
39323 
133532 
27036 
133533 
133534 
133544 
137642 
133546 
133547 
27053 
39343 
133558 
137655 
133559 
133561 
27068 
137665 
39361 
133576 
137674 
133580 
39377 
137686 
133592 
133595 
137696 
133607 
137705 
133610 
137714 
133623 
137722 
133628 
137733 
133637 
137735 
133640 
137737 
137738 
137745 
137748 
137750 
137753 
47647 
31264 
137764 
137765 
137766 
137767 
248360 
31275 
47662 
137777 
43571 
137780 
137786 
137787 
43584 
47681 
137795 
137796 
137797 
137799 
47696 
137811 
31316 
137813 
43606 
137816 
47711 
232032 
137828 
31332 
27236 
137829 
137831 
43625 
31342 
27247 
14961 
6769 
137842 
137843 
137845 
43640 
248446 
248447 
137855 
121471 
27263 
6783 
248448 
248449 
137857 
248450 
248451 
137859 
14979 
248452 
248453 
133766 
248455 
248456 
133768 
248457 
248458 
248459 
248460 
248461 
141965 
27277 
248462 
137870 
137871 
6799 
14993 
248466 
137874 
248467 
248468 
248469 
133781 
248470 
248471 
248472 
133784 
248473 
248474 
248475 
27291 
248476 
248477 
6814 
137890 
15013 
133799 
137897 
133801 
6830 
137907 
15032 
133817 
105146 
23226 
133819 
137923 
23239 
133832 
146122 
133835 
19149 
137940 
23254 
19167 
19178 
137964 
23276 
236274 
137979 
19196 
137989 
19210 
15119 
138000 
11024 
232221 
138014 
11038 
15139 
105255 
133928 
138026 
11053 
15155 
138036 
133941 
138046 
11070 
133953 
15173 
138056 
133963 
11087 
138066 
133976 
15192 
23388 
138079 
138090 
23403 
138103 
23416 
138113 
23432 
138135 
23457 
138150 
138160 
68531 
109495 
134074 
138171 
3005 
68547 
138183 
134087 
3022 
138194 
68565 
134102 
68577 
138210 
134114 
138211 
138224 
134129 
68593 
138228 
138239 
138243 
48143 
138256 
138263 
48155 
35872 
138273 
138278 
48169 
3113 
35890 
138292 
138297 
7225 
48186 
138308 
48196 
7238 
134221 
138318 
27726 
7247 
56402 
27736 
134237 
56416 
7265 
27748 
138348 
138349 
134253 
138352 
7280 
35953 
27761 
138354 
56434 
134268 
27775 
35969 
138370 
3202 
138373 
56454 
138375 
134279 
138379 
35982 
134296 
56472 
138394 
134298 
138397 
134301 
138400 
138405 
134318 
56495 
134320 
138418 
134324 
138422 
138426 
56508 
138429 
134337 
134339 
134342 
138441 
138443 
56523 
134356 
134359 
134361 
56539 
11483 
138462 
134368 
48353 
56547 
11491 
48357 
134374 
134375 
48362 
138480 
11504 
48374 
134393 
138490 
23802 
134397 
11518 
48386 
138502 
134406 
15624 
134409 
23817 
11530 
261391 
261392 
138512 
32020 
15639 
23832 
134426 
138523 
134429 
32035 
138534 
15655 
23848 
134445 
44333 
138544 
134450 
32051 
15670 
23863 
138554 
134462 
44352 
134465 
138564 
15685 
32071 
44365 
138577 
134486 
32087 
138584 
134490 
44379 
138593 
36194 
138596 
44394 
138604 
134509 
36205 
138608 
134513 
7542 
138617 
138618 
40314 
134527 
134528 
36224 
7556 
138629 
138631 
40330 
138639 
40337 
261525 
138646 
40344 
134556 
7583 
138656 
134563 
40356 
36260 
138668 
7597 
134576 
134579 
138676 
36276 
253365 
253366 
253367 
253368 
7608 
253369 
253370 
253371 
253372 
138687 
134592 
134593 
253381 
138695 
7624 
134606 
134608 
138705 
7638 
138716 
134622 
134624 
138724 
7652 
138737 
134641 
7666 
134643 
138747 
7680 
134660 
138757 
134662 
138767 
138775 
134681 
138785 
134696 
28200 
138795 
138804 
134709 
3637 
138806 
134713 
138814 
134720 
28230 
106057 
138827 
138828 
138830 
106064 
253521 
56913 
138843 
138844 
138847 
28257 
56930 
20070 
138857 
3690 
138859 
138860 
28273 
138868 
56948 
3706 
20093 
28289 
134786 
11906 
56969 
253578 
3722 
253579 
253580 
253581 
20109 
253582 
253583 
253584 
134800 
11920 
253585 
253586 
134802 
253587 
253588 
253589 
253590 
253591 
241303 
253592 
241304 
241305 
40601 
241306 
56986 
3738 
134813 
20127 
11937 
134818 
233123 
61093 
40614 
134826 
134830 
138927 
138930 
40626 
11954 
61107 
20147 
134839 
134842 
138942 
40638 
138945 
61121 
138947 
241348 
241349 
241351 
11975 
241352 
134856 
241353 
241355 
241356 
40652 
241357 
241358 
241359 
241360 
61136 
241361 
138961 
241362 
138962 
241363 
241364 
134873 
138971 
134875 
61149 
138975 
134881 
138979 
134884 
138983 
36583 
36589 
138990 
138992 
134896 
134898 
36599 
134912 
36609 
134916 
139014 
36622 
134930 
139027 
134932 
139037 
36640 
139045 
134952 
3880 
36651 
122670 
139056 
134964 
16182 
36664 
139067 
3899 
16194 
134979 
139076 
36678 
257865 
257866 
257867 
257868 
3916 
257869 
257870 
257871 
139087 
257872 
134992 
257873 
257874 
16210 
40788 
36692 
139095 
135003 
3933 
139103 
16225 
40806 
139111 
20328 
3947 
16240 
139121 
20343 
40824 
139131 
53117 
139139 
20356 
40842 
53136 
40851 
139163 
20380 
53149 
241567 
241569 
241570 
241571 
139171 
139178 
20394 
53170 
139193 
20416 
53186 
139204 
20431 
139216 
139227 
20448 
8167 
139241 
106474 
65516 
20462 
139249 
8178 
69620 
139262 
65534 
)

// ************************************************************************* //
